 -1.516347 0.000100 0.000100 0.000100
 -1.208046 0.000100 0.000100 0.000100
 -1.544518 0.000100 0.000100 0.000100
 -1.315677 0.000100 0.000100 0.000100
 -1.637607 -1.332227 -1.185625 -1.443452
 -1.540444 -0.947383 -3.198652 -1.029621
 -1.304057 -1.358124 -1.415282 -1.475906
 -1.769284 -1.341843 -1.076141 -1.481604
 -1.400893 -1.015232 -1.836208 -1.461517
 -1.751752 -0.974051 -2.100057 -1.119233
 -1.400088 -0.958257 -1.651400 -1.725508
 -2.531417 -1.145133 -1.145133 -1.258461
 -1.592629 -1.081807 -1.880309 -1.187167
 -1.826244 -1.107124 -2.468093 -0.858663
 -1.083346 -1.776489 -1.229949 -1.609436
 -2.151757 -1.318853 -1.196252 -1.158511
 -2.063687 -0.847300 -1.370546 -1.658226
 -1.699385 -1.165305 -2.335368 -0.895015
 -1.450832 -0.940009 -1.856294 -1.519825
 -2.890359 -1.044546 -1.155771 -1.280934
 -1.631414 -0.737603 -2.036874 -1.631414
 -1.783390 -1.168206 -2.381222 -0.847299
 -1.400893 -1.461517 -1.461517 -1.238375
 -2.597374 -0.932378 -1.285199 -1.365241
 -1.572395 -0.925772 -1.572395 -1.667704
 -2.153545 -0.957300 -3.109045 -0.786675
 -1.512587 -1.187167 -1.592629 -1.304949
 -2.852618 -0.930820 -1.466337 -1.147884
 -1.815285 -1.122145 -1.276294 -1.458614
 -1.921810 -0.823202 -2.866263 -1.027996
 -1.754016 -1.118032 -1.648656 -1.178656
 -2.908708 -1.234745 -1.174121 -1.062895
 -1.897113 -0.916294 -1.386294 -1.609435
 -2.364273 -0.736824 -3.152719 -0.955513
 -1.840546 -0.847300 -2.063687 -1.252764
 -2.484899 -1.098613 -1.463255 -1.044546
 -1.637606 -1.280935 -1.637606 -1.098615
 -2.072058 -0.879924 -2.825824 -0.916292
 -1.925285 -0.780162 -1.925285 -1.386294
 -2.126395 -1.002470 -1.395511 -1.324052
 -1.704745 -1.219242 -2.397879 -0.839755
 -2.454129 -0.826680 -3.242575 -0.826680
 -1.812374 -1.183772 -1.493924 -1.183772
 -2.881056 -1.035244 -1.305533 -1.146469
 -1.887062 -0.788463 -2.110200 -1.299284
 -2.501429 -0.997360 -2.501429 -0.760971
 -2.282371 -1.252764 -1.694593 -0.847301
 -3.210827 -1.354546 -1.082613 -1.013620
 -1.832572 -0.820987 -3.218792 -1.021656
 -2.265538 -0.693149 -3.564797 -0.999879
 -2.564935 -0.996335 -1.871798 -0.916293
 -3.496485 -0.990983 -1.624705 -0.912511
 -2.079425 -0.780166 -2.484873 -1.098616
 -2.280919 -0.842445 -3.128208 -0.859539
 -2.590244 -1.290985 -1.742965 -0.744445
 -3.234732 -1.106518 -1.753143 -0.783745
 -2.120246 -0.733977 -12.429233 -0.916297
 -1.978968 -1.050985 -2.509593 -0.841894
 -3.610829 -1.045972 -1.819153 -0.777710
 -3.171071 -0.819711 -1.497108 -1.225175
 -1.686394 -1.098616 -3.295752 -0.810937
 -2.390285 -0.732064 -3.083424 -0.963175
 -3.871109 -1.673974 -1.386294 -0.613109
 -3.194566 -0.833731 -1.585145 -1.140460
 -2.442314 -0.570555 -12.345852 -1.056058
 -2.125248 -0.890508 -2.189786 -1.026640
 -3.784099 -0.893821 -1.481604 -1.076142
 -3.052414 -1.015547 -1.317827 -1.130616
 -1.832572 -0.733977 -12.429233 -1.021656
 -3.091029 -0.678111 -3.784159 -0.857451
 -3.384347 -0.986497 -2.468086 -0.676344
 -3.332183 -0.711167 -2.079438 -1.054938
 -0.980838 -0.980838 -11.982954 -1.386294
 -2.277264 -0.619041 -2.970404 -1.178656
 -1.704741 -1.704741 -1.481603 -0.893825
 -3.288385 -0.738958 -1.530544 -1.314321
 -2.047681 -0.869043 -3.433900 -0.869043
 -2.290003 -1.111352 -3.116673 -0.643756
 -3.044482 -1.540443 -0.965084 -1.029622
 -2.272120 -1.278875 -1.108976 -1.242507
 -0.207648 -12.676088 -1.673972 -12.676088
 -0.456240 -13.825465 -1.004204 -13.825465
 -1.386294 -13.235699 -0.287687 -13.235699
 -1.638636 -14.144817 -0.215977 -14.144817
 -1.784153 -0.867865 -4.182003 -0.923955
 -1.386294 -1.386294 -1.386294 -1.386294
 -2.192159 -1.034709 -1.331960 -1.312912
 -1.386294 -1.386294 -1.386294 -1.386294
 -1.219242 -1.145134 -1.145134 -2.685553
 -1.114742 -0.733971 -2.631081 -2.120260
 -1.791756 -0.993254 -0.993254 -2.379534
 -1.945907 -0.990400 -0.965082 -2.256060
 -13.567055 -0.000004 -13.567055 -13.567055
 -14.100693 -0.000002 -14.100693 -14.100693
 -13.629186 -0.000004 -13.629186 -13.629186
 -12.736712 -0.000009 -12.736712 -12.736712
 -1.386294 -1.386294 -1.386294 -1.386294
 -0.000001 -15.003355 -15.003355 -15.003355
 -1.386294 -1.386294 -1.386294 -1.386294
 -1.386294 -1.386294 -1.386294 -1.386294
 -15.003355 -15.003355 -0.000001 -15.003355
 -1.386294 -1.386294 -1.386294 -1.386294
 -1.386294 -1.386294 -1.386294 -1.386294
 -1.386294 -1.386294 -1.386294 -1.386294
 -1.386294 -1.386294 -1.386294 -1.386294
 -1.386294 -1.386294 -1.386294 -1.386294
 -15.003355 -15.003355 -0.000001 -15.003355
 -1.386294 -1.386294 -1.386294 -1.386294
 -1.386294 -1.386294 -1.386294 -1.386294
 -1.386294 -1.386294 -1.386294 -1.386294
 -1.573506 -1.749962 -1.327106 -1.039424
 -1.386294 -1.386294 -1.386294 -1.386294
 -1.511457 -1.821609 -1.128467 -1.223776
 -1.152681 -1.558143 -2.656739 -0.907560
 -1.287855 -1.470176 -1.470176 -1.330414
 -1.618095 -1.757856 -0.802348 -1.709066
 -1.442859 0.000100 0.000100 0.000100
 -1.353179 0.000100 0.000100 0.000100
 -1.214503 0.000100 0.000100 0.000100
 -1.567943 0.000100 0.000100 0.000100
 -1.510033 -1.830505 -0.744316 -1.939989
 -1.440965 -0.956163 -2.200487 -1.316072
 -1.257025 -1.517398 -1.080813 -1.852148
 -1.727894 -1.474898 -1.030966 -1.440212
 -1.498715 -1.817169 -0.849291 -1.679968
 -1.266891 -1.059003 -2.138384 -1.371809
 -1.112924 -1.655789 -1.073184 -1.976570
 -1.811674 -1.406210 -0.923358 -1.638011
 -1.663926 -1.245216 -1.105127 -1.652562
 -1.116762 -1.220902 -2.248896 -1.301283
 -1.461628 -1.488709 -1.001694 -1.741706
 -2.027556 -1.441019 -0.990740 -1.345709
 -1.405246 -1.839174 -0.828289 -1.839174
 -1.215183 -1.233532 -2.019769 -1.275126
 -1.485385 -1.342007 -1.060662 -1.795540
 -1.911794 -1.425618 -0.863713 -1.659514
 -1.350619 -1.818755 -0.784350 -2.101474
 -1.178365 -1.148623 -2.351374 -1.273298
 -1.594131 -1.312799 -0.964117 -1.920528
 -1.864784 -1.383481 -0.923358 -1.623622
 -1.374261 -1.841397 -0.881784 -1.746781
 -1.229129 -1.177266 -2.497217 -1.148794
 -1.415381 -1.640262 -0.915027 -1.815651
 -1.827616 -1.345779 -1.178272 -1.305427
 -1.536983 -1.531621 -0.896262 -1.828255
 -1.300935 -1.161173 -2.069589 -1.243524
 -1.593089 -1.584120 -0.801361 -1.945910
 -1.601956 -1.620766 -0.937158 -1.565367
 -1.445020 -1.392652 -0.953739 -2.036037
 -1.273661 -1.128244 -2.280923 -1.222803
 -1.565124 -1.495371 -1.155864 -1.378377
 -1.958944 -1.481317 -0.891423 -1.506959
 -1.387582 -1.735459 -0.902868 -1.780243
 -1.283154 -1.247787 -2.189493 -1.127861
 -1.473221 -1.502208 -0.983014 -1.748732
 -2.161119 -1.329136 -1.186962 -1.155338
 -1.527334 -1.743152 -0.870119 -1.665920
 -1.264597 -1.173082 -2.468569 -1.128465
 -1.413902 -1.437341 -1.090197 -1.697730
 -2.119493 -1.436009 -1.100924 -1.172898
 -1.457322 -1.737624 -0.833168 -1.854488
 -1.206693 -1.149967 -2.073637 -1.353092
 -1.361742 -1.493143 -1.004694 -1.877555
 -2.104585 -1.210768 -1.018396 -1.518859
 -1.600865 -1.744904 -0.977146 -1.397426
 -1.057570 -1.359104 -2.225174 -1.245622
 -1.511516 -1.576845 -0.946831 -1.688319
 -1.941615 -1.405122 -0.948364 -1.496929
 -1.400822 -1.303298 -1.057406 -2.005333
 -1.325595 -1.031921 -2.372672 -1.255961
 -1.635696 -1.421769 -0.919872 -1.799835
 -2.157077 -1.195973 -1.027694 -1.495679
 -1.390429 -1.776742 -0.936437 -1.661673
 -1.298633 -1.055687 -2.145931 -1.338712
 -1.313869 -1.535330 -0.986577 -1.945005
 -1.896176 -1.497020 -0.910641 -1.497020
 -1.453305 -1.453305 -0.918029 -2.016640
 -1.165894 -1.144154 -2.275556 -1.320045
 -1.710669 -1.290241 -1.010013 -1.715707
 -1.873879 -1.167309 -1.185247 -1.471421
 -1.541720 -1.571933 -1.006202 -1.547690
 -1.216272 -1.183374 -2.394926 -1.183374
 -1.486726 -1.495130 -1.009947 -1.685075
 -1.896652 -1.445517 -1.036092 -1.349126
 -1.502234 -1.606981 -0.916906 -1.730918
 -1.355972 -1.076064 -2.254718 -1.215825
 -1.651613 -1.201027 -1.060981 -1.824746
 -2.138317 -1.690843 -0.756986 -1.475323
 -1.449411 -1.650082 -0.968108 -1.642702
 -1.228755 -1.247378 -2.245906 -1.157551
 -1.589150 -1.662936 -1.027743 -1.392290
 -1.763370 -1.682741 -0.772100 -1.711314
 -1.280438 -1.973584 -0.839881 -1.888062
 -1.060146 -1.492381 -2.044755 -1.206154
 -1.022433 -2.080321 -0.993516 -1.930203
 -2.219670 -1.715318 -0.855117 -1.251012
 -1.032247 -16.109055 -0.440376 -16.109055
 -0.318023 -15.573369 -1.300433 -15.573369
 -0.804659 -16.326735 -0.592832 -16.326735
 -1.297095 -15.844975 -0.319276 -15.844975
 -1.628524 -1.372055 -0.910765 -1.910684
 -1.386294 -1.386294 -1.386294 -1.386294
 -1.694213 -1.289642 -0.955216 -1.856889
 -1.386294 -1.386294 -1.386294 -1.386294
 -1.522797 -1.320273 -1.028433 -1.849791
 -1.718556 -0.710169 -2.423537 -1.425009
 -1.791759 -1.100761 -1.083703 -1.817848
 -2.171814 -1.025950 -1.180956 -1.511457
 -15.627073 -0.000001 -15.627073 -15.627073
 -16.385065 -0.000000 -16.385065 -16.385065
 -16.082470 -0.000000 -16.082470 -16.082470
 -15.733904 -0.000001 -15.733904 -15.733904
 -1.386294 -1.386294 -1.386294 -1.386294
 0.000000 -17.388979 -17.388979 -17.388979
 -1.386294 -1.386294 -1.386294 -1.386294
 -1.386294 -1.386294 -1.386294 -1.386294
 -17.388979 -17.388979 -0.000000 -17.388979
 -1.386294 -1.386294 -1.386294 -1.386294
 -1.386294 -1.386294 -1.386294 -1.386294
 -1.386294 -1.386294 -1.386294 -1.386294
 -1.386294 -1.386294 -1.386294 -1.386294
 -1.386294 -1.386294 -1.386294 -1.386294
 -17.388979 -17.388979 -0.000000 -17.388979
 -1.386294 -1.386294 -1.386294 -1.386294
 -1.386294 -1.386294 -1.386294 -1.386294
 -1.386294 -1.386294 -1.386294 -1.386294
 -1.278916 -1.366294 -1.274891 -1.675849
 -1.386294 -1.386294 -1.386294 -1.386294
 -1.497046 -1.895777 -0.770673 -1.812127
 -1.374266 -1.244001 -2.258468 -1.037794
 -1.354671 -1.276126 -1.268958 -1.705250
 -1.650760 -1.619988 -0.819211 -1.775402
