 -1.418043 0.000100 0.000100 0.000100
 -1.241112 0.000100 0.000100 0.000100
 -1.537844 0.000100 0.000100 0.000100
 -1.370790 0.000100 0.000100 0.000100
 -1.182696 -1.082613 -2.181220 -1.419084
 -1.413693 -1.008229 -2.917761 -1.085190
 -1.203973 -1.442384 -1.609437 -1.333185
 -1.977160 -1.466337 -1.401798 -0.955513
 -1.362578 -1.164753 -1.883873 -1.272966
 -1.888385 -0.946344 -3.077959 -0.880747
 -1.195240 -1.497519 -1.386294 -1.497519
 -1.634916 -1.431318 -1.603168 -1.008462
 -1.290151 -1.555853 -1.600305 -1.164988
 -1.564702 -1.341559 -2.545526 -0.796333
 -1.348073 -1.165753 -1.704746 -1.399366
 -1.934414 -1.145959 -1.439719 -1.202048
 -1.271632 -1.271632 -1.839613 -1.271632
 -1.554629 -0.985536 -3.346372 -0.966844
 -1.310583 -0.992130 -2.003726 -1.492904
 -1.940178 -1.207812 -1.470176 -1.116005
 -1.290151 -1.080431 -1.800974 -1.513294
 -1.362764 -1.013091 -2.926731 -1.116631
 -1.168572 -1.470851 -1.596014 -1.359626
 -2.308812 -1.343735 -1.231257 -1.056053
 -1.422662 -1.080914 -1.945907 -1.284512
 -1.655048 -1.030895 -2.658344 -0.961902
 -1.544197 -1.192800 -1.716046 -1.192800
 -1.901457 -1.299283 -1.348073 -1.145133
 -1.761905 -1.068760 -1.550597 -1.299283
 -1.692552 -0.950616 -2.695848 -1.016214
 -2.020941 -1.017645 -1.528468 -1.240787
 -2.122259 -1.147702 -1.716795 -0.959112
 -1.523495 -1.024506 -1.958809 -1.265667
 -1.934859 -0.958851 -3.247035 -0.836249
 -1.386294 -1.491654 -1.548812 -1.163152
 -2.451001 -1.064711 -1.374866 -1.151723
 -1.648657 -1.178656 -2.054119 -0.989415
 -1.763588 -0.916292 -2.766884 -1.005904
 -2.066858 -1.324926 -1.425009 -1.002154
 -2.708044 -1.280934 -1.261132 -0.988265
 -1.496642 -1.113652 -1.719784 -1.314321
 -1.970449 -0.829280 -3.026494 -0.978812
 -1.871799 -1.076873 -1.738269 -1.109663
 -2.676792 -1.181304 -1.528175 -0.897942
 -1.229949 -1.341174 -2.228469 -1.083346
 -1.712978 -1.035100 -3.263564 -0.852778
 -2.397886 -1.208312 -1.778854 -0.817447
 -2.397892 -1.279865 -1.765372 -0.776762
 -1.691674 -1.111859 -2.721281 -0.865000
 -2.111804 -0.913112 -2.976794 -0.851554
 -2.468086 -1.244325 -1.438480 -0.942046
 -2.754565 -0.950977 -1.543480 -1.089563
 -2.005327 -1.386294 -13.161592 -0.485512
 -2.762111 -1.012918 -2.762111 -0.672314
 -2.224616 -1.470851 -1.413693 -0.870080
 -2.975522 -0.908668 -1.945909 -0.908668
 -2.512283 -1.213024 -3.610829 -0.519882
 -2.137259 -0.825076 -2.783881 -0.962277
 -2.268674 -0.841570 -1.980996 -1.116006
 -2.480728 -0.965605 -1.921114 -0.943865
 -13.122372 -13.122372 -13.122372 -0.000006
 -14.533352 -14.533352 -14.533352 -0.000001
 -13.217681 -13.217681 -13.217681 -0.000005
 -14.518610 -14.518610 -14.518610 -0.000002
 -1.386294 -1.386294 -1.386294 -1.386294
 -1.386294 -1.386294 -1.386294 -1.386294
 -1.386294 -1.386294 -1.386294 -1.386294
 -2.772586 -0.800246 -1.643204 -1.221045
 -12.676089 -12.676089 -12.676089 -0.000009
 -14.648421 -14.648421 -14.648421 -0.000001
 -13.805464 -13.805464 -13.805464 -0.000003
 -14.227623 -14.227623 -14.227623 -0.000002
 -1.386294 -1.386294 -1.386294 -1.386294
 -1.386294 -1.386294 -1.386294 -1.386294
 -1.386294 -1.386294 -1.386294 -1.386294
 -2.772586 -0.783004 -1.684447 -1.221045
 -1.519824 -1.673972 -12.676089 -0.521304
 -2.890366 -0.870354 -5.455223 -0.651301
 -3.455235 -0.747216 -2.607957 -0.864999
 -2.244688 -1.125460 -2.452325 -0.726822
 -2.277252 -2.054114 -12.873912 -0.262371
 -2.649204 -0.476084 -4.595072 -1.210730
 -1.945896 -0.847306 -2.351344 -1.098617
 -3.139431 -0.792403 -2.401837 -0.883375
 -1.386294 -1.067844 -2.772551 -1.067844
 -2.964473 -0.532218 -4.430785 -1.052093
 -1.686394 -1.504076 -1.686394 -0.897947
 -3.223853 -1.639743 -2.307570 -0.405466
 -0.530635 -1.580448 -2.427727 -2.140053
 -0.818311 -1.190986 -2.227075 -1.916921
 -1.203975 -2.014891 -0.762146 -2.302565
 -2.063179 -1.220502 -1.115142 -1.386294
 -14.220979 -0.000002 -14.220979 -14.220979
 -14.187077 -0.000002 -14.187077 -14.187077
 -13.989468 -0.000003 -13.989468 -13.989468
 -13.795312 -0.000003 -13.795312 -13.795312
 -1.386294 -1.386294 -1.386294 -1.386294
 -0.000001 -15.448666 -15.448666 -15.448666
 -1.386294 -1.386294 -1.386294 -1.386294
 -1.386294 -1.386294 -1.386294 -1.386294
 -15.448666 -15.448666 -0.000001 -15.448666
 -1.386294 -1.386294 -1.386294 -1.386294
 -1.386294 -1.386294 -1.386294 -1.386294
 -1.386294 -1.386294 -1.386294 -1.386294
 -1.386294 -1.386294 -1.386294 -1.386294
 -1.386294 -1.386294 -1.386294 -1.386294
 -0.795907 -1.150728 -15.448666 -1.459201
 -1.386294 -1.386294 -1.386294 -1.386294
 -1.315283 -1.592270 -1.571216 -1.138353
 -1.476678 -1.237449 -2.448534 -0.928714
 -1.386294 -1.386294 -1.386294 -1.386294
 -2.140062 -2.294212 -0.907924 -0.972462
 -1.201028 -1.395183 -1.731654 -1.293401
 -1.444563 -1.052522 -1.955386 -1.296144
 -1.810107 -1.234745 -1.145133 -1.481604
 -1.775498 -1.258243 -1.184135 -1.425296
 -1.278542 0.000100 0.000100 0.000100
 -1.657480 0.000100 0.000100 0.000100
 -1.285736 0.000100 0.000100 0.000100
 -1.368490 0.000100 0.000100 0.000100
 -1.472329 -1.642227 -1.340752 -1.153875
 -1.032766 -1.301030 -2.419056 -1.263290
 -1.795375 -1.241991 -1.434363 -1.181367
 -1.803593 -1.351609 -1.223776 -1.264598
 -1.586965 -1.838278 -1.130948 -1.159521
 -1.225364 -1.295323 -2.032920 -1.198696
 -1.364880 -1.592270 -1.208311 -1.417066
 -1.962773 -1.768617 -0.773191 -1.480936
 -1.680055 -1.501807 -0.999179 -1.501807
 -1.247825 -1.319284 -2.535675 -1.004203
 -1.662255 -1.847972 -0.702841 -1.847972
 -1.983792 -1.420324 -1.277223 -1.072923
 -1.444358 -1.635413 -1.024505 -1.559427
 -1.236763 -1.049165 -2.607304 -1.252763
 -1.915696 -1.958255 -1.567389 -0.687032
 -1.862376 -1.481604 -1.245216 -1.110041
 -1.193923 -1.732918 -1.161133 -1.574695
 -1.316090 -1.036919 -2.503252 -1.219241
 -1.486835 -1.526056 -1.203973 -1.360542
 -1.899004 -2.180416 -0.670801 -1.487270
 -1.368595 -1.885284 -0.968995 -1.540445
 -1.202332 -1.079100 -2.915303 -1.186072
 -1.810108 -1.907272 -0.600596 -1.970450
 -1.740057 -1.475906 -1.210799 -1.210799
 -1.122143 -1.733051 -1.151131 -1.707076
 -1.226665 -1.243194 -2.447163 -1.103432
 -1.868948 -0.840654 -1.668278 -1.488485
 -1.907360 -1.463430 -1.229030 -1.116234
 -1.328629 -1.457246 -1.184379 -1.627871
 -1.353718 -1.490919 -2.276438 -0.882114
 -1.604882 -1.278198 -1.294727 -1.400088
 -1.904782 -1.579360 -1.102437 -1.161626
 -1.140577 -1.675499 -1.437828 -1.363720
 -1.523495 -0.901445 -2.410796 -1.250629
 -1.763588 -1.106809 -1.311604 -1.475906
 -2.349730 -0.954854 -1.468532 -1.239691
 -1.232144 -1.593933 -1.268512 -1.496295
 -0.820709 -1.368490 -2.515301 -1.493653
 -1.628762 -1.628762 -0.876427 -1.653454
 -1.873676 -1.579915 -1.087439 -1.192800
 -1.802341 -0.952009 -1.558144 -1.432981
 -1.116962 -1.234745 -2.258131 -1.282754
 -1.640936 -1.222227 -1.425825 -1.304464
 -1.787583 -1.787583 -1.107016 -1.094437
 -1.316983 -2.123456 -0.960308 -1.471133
 -1.044909 -1.393215 -1.421386 -1.841239
 -1.252763 -1.479820 -1.121187 -1.828126
 -1.781063 -1.824548 -0.912713 -1.313724
 -1.833510 -0.999592 -1.304252 -1.605727
 -1.434049 -1.103808 -2.372315 -1.088303
 -1.655247 -0.823698 -1.609437 -1.771079
 -1.826501 -1.609437 -1.685423 -0.790411
 -1.512174 -1.313724 -1.165304 -1.614828
 -1.968965 -0.490149 -2.602687 -1.749912
 -1.640528 -0.947382 -1.427967 -1.722766
 -2.039362 -1.163895 -1.346216 -1.212685
 -14.304093 -14.304093 -14.304093 -0.000002
 -15.262430 -15.262430 -15.262430 -0.000001
 -14.513647 -14.513647 -14.513647 -0.000002
 -14.571634 -14.571634 -14.571634 -0.000001
 -1.386294 -1.386294 -1.386294 -1.386294
 -1.386294 -1.386294 -1.386294 -1.386294
 -1.386294 -1.386294 -1.386294 -1.386294
 -2.122261 -1.333804 -1.037636 -1.337599
 -13.997835 -13.997835 -13.997835 -0.000002
 -14.786291 -14.786291 -14.786291 -0.000001
 -15.082459 -15.082459 -15.082459 -0.000001
 -14.782495 -14.782495 -14.782495 -0.000001
 -1.386294 -1.386294 -1.386294 -1.386294
 -1.386294 -1.386294 -1.386294 -1.386294
 -1.386294 -1.386294 -1.386294 -1.386294
 -1.257264 -1.606448 -1.144562 -1.626549
 -0.682677 -2.155980 -1.447796 -1.938916
 -1.391282 -1.054810 -2.412930 -1.160171
 -1.276555 -1.638056 -1.046693 -1.739839
 -1.987365 -1.433056 -1.124321 -1.205667
 -1.907930 -1.998902 -1.546917 -0.686717
 -1.506438 -1.122480 -2.523369 -0.987139
 -1.453646 -1.486983 -1.345013 -1.274061
 -1.833723 -1.112406 -1.418780 -1.311534
 -1.349927 -1.630828 -0.993252 -1.745239
 -1.314551 -1.106912 -2.544495 -1.132229
 -1.511457 -1.511457 -1.098613 -1.489478
 -1.844918 -0.706865 -1.954117 -1.574628
 -1.595707 -1.145791 -1.390913 -1.467874
 -1.848746 -0.585458 -3.439827 -1.371822
 -1.264797 -1.264797 -1.231461 -1.941135
 -1.644375 -1.202543 -1.307904 -1.443705
 -14.518610 -0.000002 -14.518610 -14.518610
 -15.173921 -0.000001 -15.173921 -15.173921
 -14.452089 -0.000002 -14.452089 -14.452089
 -14.613020 -0.000001 -14.613020 -14.613020
 -1.386294 -1.386294 -1.386294 -1.386294
 -0.000000 -16.120094 -16.120094 -16.120094
 -1.386294 -1.386294 -1.386294 -1.386294
 -1.386294 -1.386294 -1.386294 -1.386294
 -16.120094 -16.120094 -0.000000 -16.120094
 -1.386294 -1.386294 -1.386294 -1.386294
 -1.386294 -1.386294 -1.386294 -1.386294
 -1.386294 -1.386294 -1.386294 -1.386294
 -1.386294 -1.386294 -1.386294 -1.386294
 -1.386294 -1.386294 -1.386294 -1.386294
 -1.160360 -0.793861 -16.120094 -1.450168
 -1.386294 -1.386294 -1.386294 -1.386294
 -1.206098 -1.760408 -1.022006 -1.779100
 -1.181418 -1.424544 -2.714692 -0.951106
 -1.386294 -1.386294 -1.386294 -1.386294
 -1.332451 -1.489293 -1.348712 -1.382048
 -1.661623 -0.924802 -1.424295 -1.755149
 -1.568616 -1.280934 -2.667223 -0.810931
 -1.347828 -1.386294 -1.446919 -1.366876
 -1.054312 -1.565137 -1.439974 -1.581944
