 -1.504727 0.000100 0.000100 0.000100
 -1.353086 0.000100 0.000100 0.000100
 -1.426035 0.000100 0.000100 0.000100
 -1.275753 0.000100 0.000100 0.000100
 -1.270463 -1.249844 -1.774367 -1.335001
 -1.443157 -1.166171 -2.990712 -0.911279
 -1.459156 -1.436166 -1.436166 -1.231372
 -1.759719 -1.165946 -1.438812 -1.276294
 -1.104344 -1.527200 -1.638425 -1.358124
 -1.325140 -1.020651 -3.205443 -1.098613
 -1.260254 -1.286922 -1.639742 -1.401332
 -2.340967 -1.145731 -1.302076 -1.158976
 -1.468211 -1.230540 -1.544197 -1.331636
 -1.510592 -1.179738 -2.877462 -0.878070
 -1.136640 -1.463852 -1.432104 -1.565635
 -1.736070 -1.068242 -1.364507 -1.493124
 -1.451214 -1.213543 -1.699049 -1.252763
 -1.554917 -1.156278 -2.738682 -0.892861
 -1.337842 -1.187560 -1.616555 -1.452252
 -2.035380 -1.228290 -1.112218 -1.395344
 -1.412270 -1.243194 -1.682559 -1.265667
 -1.840120 -0.985131 -3.053136 -0.866072
 -1.500704 -1.105393 -1.739115 -1.308333
 -1.813451 -1.373501 -1.425687 -1.069012
 -1.428258 -1.294727 -1.764729 -1.154966
 -1.510347 -1.190180 -2.590263 -0.916291
 -1.471816 -1.115142 -1.625966 -1.402824
 -2.041983 -1.264280 -1.305665 -1.149504
 -1.373049 -1.181994 -1.791758 -1.297063
 -1.553749 -1.107462 -3.479027 -0.850240
 -1.371906 -1.289668 -1.669156 -1.263692
 -2.209057 -1.210530 -1.292768 -1.146815
 -1.420427 -1.091924 -2.113572 -1.197284
 -1.963077 -0.993678 -2.894630 -0.834613
 -1.556193 -1.268512 -1.484734 -1.268512
 -2.461914 -1.183512 -1.348267 -1.053150
 -1.726161 -1.009486 -1.826244 -1.215337
 -1.745239 -1.211941 -2.890366 -0.750306
 -1.548350 -1.347680 -1.899746 -0.972987
 -2.431415 -1.109663 -1.389964 -1.098613
 -1.421386 -1.319603 -1.863216 -1.090029
 -1.929448 -1.154064 -2.999884 -0.714113
 -1.696448 -1.261132 -1.455287 -1.203973
 -2.312875 -1.065053 -1.521289 -1.085053
 -1.600703 -1.239691 -2.097137 -0.952010
 -2.270060 -0.863966 -2.780883 -0.883768
 -2.095968 -1.066352 -1.712977 -1.042822
 -2.585708 -1.144155 -1.257913 -1.133459
 -1.609437 -1.184556 -2.496732 -0.887305
 -1.934859 -0.934983 -3.200519 -0.862224
 -2.951918 -1.026640 -1.432104 -1.047693
 -3.441120 -1.116566 -1.361689 -0.956224
 -1.568615 -1.141173 -3.583474 -0.810933
 -1.994883 -0.914455 -2.966739 -0.887304
 -2.406120 -1.166435 -1.668526 -0.891999
 -2.883810 -1.298187 -1.298187 -0.921238
 -1.673975 -1.337504 -3.688834 -0.644360
 -2.355333 -0.928220 -4.147072 -0.705077
 -2.406120 -1.090450 -1.759497 -0.912202
 -2.756837 -1.052093 -1.609438 -0.948552
 -2.302577 -1.113002 -3.149855 -0.637580
 -2.109293 -1.163151 -3.408568 -0.629069
 -2.708038 -1.321756 -1.727219 -0.715622
 -2.778520 -1.258698 -1.574550 -0.805767
 -2.258774 -1.026641 -4.204598 -0.649348
 -2.596128 -1.302211 -3.031443 -0.502093
 -2.505517 -1.406914 -2.020015 -0.614678
 -2.841199 -1.153122 -1.614757 -0.850841
 -2.197215 -0.810933 -13.199332 -0.810933
 -2.489280 -0.879846 -3.354270 -0.760894
 -2.659250 -1.272966 -1.771955 -0.733971
 -2.867379 -1.075623 -1.404548 -1.031171
 -1.909537 -1.216396 -3.988891 -0.621692
 -2.134703 -0.852089 -3.839437 -0.835422
 -2.995719 -1.098613 -1.696448 -0.836249
 -2.463062 -0.876100 -1.715850 -1.143781
 -1.665006 -1.359626 -13.514411 -0.590496
 -2.292859 -0.683423 -3.087785 -1.054019
 -3.355706 -1.235472 -1.969437 -0.625708
 -2.941139 -0.830931 -1.636195 -1.149385
 -13.369229 -13.369229 -13.369229 -0.000005
 -15.012460 -15.012460 -15.012460 -0.000001
 -13.652996 -13.652996 -13.652996 -0.000004
 -14.880222 -14.880222 -14.880222 -0.000001
 -1.386294 -1.386294 -1.386294 -1.386294
 -1.386294 -1.386294 -1.386294 -1.386294
 -1.386294 -1.386294 -1.386294 -1.386294
 -3.008802 -1.093431 -2.011661 -0.730189
 -0.998532 -0.865002 -3.637496 -1.691672
 -1.661139 -0.647686 -2.461914 -1.601715
 -1.376632 -1.168994 -1.108369 -2.236829
 -2.087559 -1.171270 -1.252763 -1.271811
 -14.115618 -0.000002 -14.115618 -14.115618
 -14.907435 -0.000001 -14.907435 -14.907435
 -14.304093 -0.000002 -14.304093 -14.304093
 -14.369398 -0.000002 -14.369398 -14.369398
 -1.386294 -1.386294 -1.386294 -1.386294
 -0.000000 -15.856731 -15.856731 -15.856731
 -1.386294 -1.386294 -1.386294 -1.386294
 -1.386294 -1.386294 -1.386294 -1.386294
 -15.856731 -15.856731 -0.000000 -15.856731
 -1.386294 -1.386294 -1.386294 -1.386294
 -1.386294 -1.386294 -1.386294 -1.386294
 -1.386294 -1.386294 -1.386294 -1.386294
 -1.386294 -1.386294 -1.386294 -1.386294
 -1.386294 -1.386294 -1.386294 -1.386294
 -15.856731 -15.856731 -0.000000 -15.856731
 -1.386294 -1.386294 -1.386294 -1.386294
 -1.386294 -1.386294 -1.386294 -1.386294
 -1.386294 -1.386294 -1.386294 -1.386294
 -1.409949 -1.704748 -1.333185 -1.169927
 -1.386294 -1.386294 -1.386294 -1.386294
 -1.324419 -1.429779 -1.142098 -1.739933
 -1.228071 -1.278081 -2.862191 -0.990400
 -1.381380 -1.170072 -1.552006 -1.484564
 -1.738793 -1.715263 -0.731532 -1.812901
 -1.333055 0.000100 0.000100 0.000100
 -1.440944 0.000100 0.000100 0.000100
 -1.275108 0.000100 0.000100 0.000100
 -1.513107 0.000100 0.000100 0.000100
 -1.673976 -1.874646 -0.654146 -1.971810
 -1.212448 -1.150572 -2.620245 -1.160623
 -1.716885 -1.490762 -0.797615 -1.932594
 -1.876916 -1.556445 -0.992232 -1.326871
 -1.249093 -1.462667 -1.128466 -1.844601
 -1.321756 -1.261131 -2.238045 -1.069054
 -1.785567 -0.828159 -1.304819 -2.085671
 -2.233590 -1.460402 -0.980830 -1.252763
 -1.304252 -1.662885 -1.083852 -1.605727
 -1.801238 -0.693148 -2.717526 -1.313535
 -1.480482 -1.230540 -1.183583 -1.747796
 -1.764171 -1.393312 -1.123393 -1.365532
 -1.375365 -1.515127 -1.055595 -1.717651
 -1.457246 -1.400088 -2.585709 -0.809220
 -1.581786 -1.228147 -1.196730 -1.612558
 -2.000160 -1.259386 -1.213923 -1.259386
 -1.364941 -1.638637 -0.992893 -1.715598
 -1.287854 -1.170071 -2.325840 -1.151722
 -1.448507 -1.504077 -1.007641 -1.727220
 -2.287470 -0.817296 -1.401640 -1.557510
 -1.479471 -1.479471 -1.074007 -1.595303
 -1.473753 -0.693148 -3.115977 -1.484564
 -1.564612 -1.448353 -1.067580 -1.551007
 -2.011563 -1.211807 -1.167844 -1.356638
 -1.455287 -1.727220 -0.897942 -1.706601
 -1.751485 -0.725633 -2.714921 -1.286428
 -1.433251 -1.472472 -1.164988 -1.513294
 -2.092863 -1.373049 -0.976395 -1.399717
 -1.410200 -1.666133 -0.952367 -1.708692
 -0.859538 -1.327245 -2.305020 -1.552685
 -1.487270 -1.606617 -1.073507 -1.462578
 -1.994541 -1.349023 -1.019544 -1.411937
 -0.899716 -1.805784 -1.268202 -1.913030
 -1.354546 -1.193278 -2.601075 -1.009185
 -1.309135 -1.424446 -1.170666 -1.719563
 -1.744928 -1.386294 -1.081634 -1.442647
 -0.965081 -1.891842 -1.037055 -2.173693
 -1.160623 -1.037244 -2.536864 -1.373716
 -1.651613 -1.304212 -1.072410 -1.636345
 -1.703093 -1.433761 -1.009947 -1.536040
 -1.563669 -1.689710 -0.800653 -1.851351
 -1.286354 -1.098613 -2.406943 -1.202973
 -1.558794 -1.453434 -1.280415 -1.280415
 -1.953814 -1.494283 -1.026475 -1.288839
 -1.362030 -1.335001 -1.186581 -1.740466
 -1.178655 -1.083345 -2.451618 -1.317917
 -1.664642 -1.574258 -1.393997 -1.034234
 -1.356794 -1.548461 -1.196021 -1.480407
 -1.603450 -1.588634 -0.804197 -1.916321
 -1.438056 -0.900102 -2.209163 -1.401242
 -1.483523 -1.257567 -1.141033 -1.775911
 -2.252712 -1.689244 -0.665135 -1.629524
 -1.414129 -1.609437 -1.052628 -1.570971
 -1.238932 -1.383513 -2.625223 -0.948849
 -1.680421 -0.915221 -1.342308 -1.883649
 -1.953814 -1.459797 -0.994040 -1.362947
 -1.677442 -1.432320 -0.921495 -1.734600
 -1.709929 -1.404548 -2.780368 -0.670158
 -1.568012 -1.206999 -1.138680 -1.759067
 -1.861187 -1.158285 -1.249719 -1.410987
 -1.370034 -1.712978 -0.953874 -1.712978
 -1.297463 -1.175246 -2.164963 -1.193103
 -1.715126 -1.495267 -0.997687 -1.482195
 -2.064016 -1.736329 -0.693148 -1.625104
 -1.462667 -1.446919 -0.980830 -1.844601
 -1.325084 -1.241202 -2.043547 -1.153234
 -1.640760 -1.574802 -0.719935 -2.186270
 -1.635755 -1.348073 -1.029620 -1.669656
 -1.184687 -1.514440 -1.266604 -1.647971
 -1.389376 -1.065327 -2.648328 -1.092478
 -1.967324 -1.465631 -0.732029 -1.908483
 -1.983027 -1.335001 -1.043481 -1.398515
 -1.439539 -1.573070 -1.034074 -1.609438
 -1.609438 -0.764183 -2.392195 -1.415282
 -0.884580 -1.527011 -1.412898 -2.067578
 -2.224622 -1.308333 -0.954161 -1.441864
 -15.036342 -15.036342 -15.036342 -0.000001
 -15.176488 -15.176488 -15.176488 -0.000001
 -15.050983 -15.050983 -15.050983 -0.000001
 -14.778687 -14.778687 -14.778687 -0.000001
 -1.386294 -1.386294 -1.386294 -1.386294
 -1.386294 -1.386294 -1.386294 -1.386294
 -1.386294 -1.386294 -1.386294 -1.386294
 -2.072722 -1.253887 -1.205222 -1.240849
 -1.658227 -1.252763 -1.273817 -1.410392
 -1.536080 -0.761016 -2.898273 -1.337629
 -2.253793 -0.879477 -1.035638 -2.079440
 -0.965405 -1.246307 -1.966852 -1.651772
 -14.924074 -0.000001 -14.924074 -14.924074
 -15.430931 -0.000001 -15.430931 -15.430931
 -14.786291 -0.000001 -14.786291 -14.786291
 -14.790071 -0.000001 -14.790071 -14.790071
 -1.386294 -1.386294 -1.386294 -1.386294
 -0.000000 -16.407028 -16.407028 -16.407028
 -1.386294 -1.386294 -1.386294 -1.386294
 -1.386294 -1.386294 -1.386294 -1.386294
 -16.407028 -16.407028 -0.000000 -16.407028
 -1.386294 -1.386294 -1.386294 -1.386294
 -1.386294 -1.386294 -1.386294 -1.386294
 -1.386294 -1.386294 -1.386294 -1.386294
 -1.386294 -1.386294 -1.386294 -1.386294
 -1.386294 -1.386294 -1.386294 -1.386294
 -16.407028 -16.407028 -0.000000 -16.407028
 -1.386294 -1.386294 -1.386294 -1.386294
 -1.386294 -1.386294 -1.386294 -1.386294
 -1.386294 -1.386294 -1.386294 -1.386294
 -1.394568 -1.280485 -1.367741 -1.516514
 -1.386294 -1.386294 -1.386294 -1.386294
 -1.347771 -1.759067 -0.965837 -1.674984
 -1.162612 -1.521753 -1.696694 -1.252763
 -1.203973 -1.410105 -1.329136 -1.654558
 -1.788352 -1.728928 -0.797371 -1.585828
