 -1.522663 0.000100 0.000100 0.000100
 -1.302120 0.000100 0.000100 0.000100
 -1.435651 0.000100 0.000100 0.000100
 -1.302120 0.000100 0.000100 0.000100
 -1.299283 -1.635754 -1.453433 -1.208312
 -1.673975 -0.875470 -2.618428 -1.130362
 -1.211942 -1.435084 -1.540444 -1.386294
 -1.791757 -1.037989 -1.673975 -1.232144
 -1.337504 -1.086191 -1.984127 -1.337504
 -1.555853 -1.107830 -2.899575 -0.907160
 -1.338285 -0.932822 -2.164956 -1.471816
 -2.149818 -1.338892 -1.168994 -1.168994
 -1.637607 -1.332227 -1.504077 -1.141173
 -1.022627 -1.125281 -3.126744 -1.302212
 -1.722764 -1.134982 -1.540444 -1.252764
 -2.144577 -1.490654 -1.045970 -1.183170
 -1.584119 -1.178656 -1.648657 -1.221215
 -1.704747 -0.788459 -2.803348 -1.193923
 -1.280934 -1.185625 -1.878767 -1.332227
 -2.852618 -1.006806 -1.386294 -1.118031
 -1.455287 -1.149907 -1.455287 -1.529394
 -1.563975 -0.927988 -2.913891 -1.075624
 -1.980996 -1.015923 -1.227231 -1.575535
 -1.890848 -1.485385 -1.079921 -1.262242
 -1.284016 -0.996335 -1.977158 -1.535329
 -2.036879 -0.983733 -2.799011 -0.832911
 -1.213024 -1.739113 -1.596014 -1.126012
 -2.030167 -1.262916 -1.459625 -1.039773
 -1.821609 -0.785523 -1.654557 -1.654557
 -1.546636 -1.126784 -3.583489 -0.831985
 -1.909537 -1.098614 -1.791756 -1.044547
 -2.104131 -1.201267 -1.479980 -1.050985
 -1.558143 -1.478101 -1.963604 -0.865000
 -1.962575 -0.825500 -2.397889 -1.106912
 -1.405342 -1.025855 -2.360842 -1.197704
 -2.095968 -1.338285 -1.248673 -1.115142
 -1.845823 -0.998531 -1.963604 -1.098614
 -1.989582 -0.977985 -2.364273 -0.933534
 -1.438480 -1.081807 -1.592629 -1.512587
 -2.590259 -1.420196 -1.420196 -0.817201
 -1.925285 -0.780162 -2.261751 -1.232145
 -1.902983 -0.824177 -2.944426 -1.022627
 -2.148427 -1.049824 -1.149907 -1.529394
 -2.390285 -1.046557 -1.656321 -1.003997
 -1.681755 -1.053153 -2.662564 -0.927990
 -1.756419 -0.909123 -3.548157 -0.927142
 -2.397882 -1.174121 -1.234746 -1.174121
 -2.807669 -1.015922 -1.457753 -1.064712
 -1.992422 -0.950979 -2.397879 -0.950979
 -2.159481 -0.975715 -3.481218 -0.740402
 -3.218834 -0.967587 -1.966107 -0.820984
 -3.761170 -1.053151 -1.768769 -0.782276
 -1.648654 -0.955517 -2.564915 -1.060876
 -2.469633 -0.897244 -2.382622 -0.878552
 -2.001471 -1.413693 -1.213024 -1.126014
 -3.465718 -1.086190 -1.548813 -0.870482
 -1.312187 -1.312187 -3.258012 -0.860208
 -2.756831 -1.225364 -3.226827 -0.505550
 -3.384347 -1.438480 -2.468086 -0.439955
 -2.557925 -1.820331 -1.372308 -0.679162
 -0.154161 -12.542559 -1.945899 -12.542559
 -0.351401 -13.604795 -1.216396 -13.604795
 -1.142099 -13.060496 -0.384417 -13.060496
 -1.672285 -14.493546 -0.208031 -14.493546
 -1.799305 -0.958525 -3.504033 -0.864999
 -1.386294 -1.386294 -1.386294 -1.386294
 -2.908714 -1.116962 -2.215571 -0.675130
 -1.386294 -1.386294 -1.386294 -1.386294
 -1.041457 -1.128468 -12.736712 -1.128468
 -2.414283 -0.563691 -3.020411 -1.228666
 -2.639022 -1.134983 -1.029624 -1.386294
 -3.044512 -0.949578 -1.513046 -1.063522
 -1.550595 -1.011605 -12.706861 -0.857455
 -2.645523 -0.853771 -3.097503 -0.780746
 -2.871654 -1.262243 -2.360842 -0.569099
 -2.926726 -0.868353 -1.722765 -1.054938
 -1.686394 -0.656787 -2.602654 -1.504076
 -2.376688 -0.707537 -3.555326 -0.952659
 -2.772551 -0.980833 -1.856290 -0.900791
 -2.957501 -0.926080 -1.858897 -0.926080
 -2.233573 -1.722761 -12.542560 -0.336482
 -3.258082 -0.517258 -5.049758 -1.024505
 -2.862162 -0.990402 -2.456714 -0.722140
 -2.700607 -1.026640 -2.412928 -0.723454
 -1.897107 -1.203976 -2.995652 -0.693157
 -2.503950 -0.991368 -3.459449 -0.662186
 -2.079417 -1.163156 -1.386294 -1.163156
 -3.116673 -1.628607 -2.172220 -0.437624
 -1.021656 -1.832572 -1.427116 -1.427116
 -1.181134 -1.059774 -2.130209 -1.479626
 -1.252765 -1.252765 -0.934314 -3.332119
 -1.737956 -1.555635 -1.002846 -1.401484
 -13.629186 -0.000004 -13.629186 -13.629186
 -13.698981 -0.000003 -13.698981 -13.698981
 -13.835317 -0.000003 -13.835317 -13.835317
 -13.579793 -0.000004 -13.579793 -13.579793
 -1.386294 -1.386294 -1.386294 -1.386294
 -0.000001 -15.076810 -15.076810 -15.076810
 -1.386294 -1.386294 -1.386294 -1.386294
 -1.386294 -1.386294 -1.386294 -1.386294
 -15.076810 -15.076810 -0.000001 -15.076810
 -1.386294 -1.386294 -1.386294 -1.386294
 -1.386294 -1.386294 -1.386294 -1.386294
 -1.386294 -1.386294 -1.386294 -1.386294
 -1.386294 -1.386294 -1.386294 -1.386294
 -1.386294 -1.386294 -1.386294 -1.386294
 -0.701683 -1.147969 -15.076810 -1.676813
 -1.386294 -1.386294 -1.386294 -1.386294
 -1.638425 -1.609437 -1.553868 -0.930680
 -1.540444 -1.163152 -2.010446 -1.080914
 -1.386294 -1.386294 -1.386294 -1.386294
 -1.791756 -1.791756 -0.970781 -1.245217
 -1.289668 -1.056054 -1.836208 -1.526055
 -1.216396 -1.027155 -2.448529 -1.349927
 -1.399366 -1.348073 -1.348073 -1.453433
 -1.945908 -1.122711 -1.007642 -1.791758
 -1.419345 0.000100 0.000100 0.000100
 -1.421214 0.000100 0.000100 0.000100
 -1.329537 0.000100 0.000100 0.000100
 -1.377901 0.000100 0.000100 0.000100
 -1.361101 -1.632731 -1.020822 -1.671697
 -1.268789 -1.132213 -2.410442 -1.181777
 -1.434061 -1.356040 -1.158384 -1.660791
 -1.890179 -1.329999 -1.200992 -1.260254
 -1.263241 -1.552460 -1.099916 -1.756556
 -1.265877 -1.063900 -2.366544 -1.276197
 -1.457941 -1.390237 -1.190387 -1.541007
 -1.689273 -1.544821 -1.027003 -1.410925
 -1.405484 -1.486152 -1.120305 -1.597856
 -1.247501 -1.144797 -2.265757 -1.235331
 -1.357626 -1.512502 -1.117241 -1.633781
 -1.909707 -1.420446 -1.083584 -1.302360
 -1.319378 -1.612617 -1.018130 -1.759892
 -1.158975 -1.242357 -2.487899 -1.157073
 -1.426932 -1.462106 -1.104715 -1.625046
 -1.856802 -1.456728 -1.062132 -1.327598
 -1.403643 -1.487025 -1.040738 -1.742618
 -1.248673 -1.111303 -2.434496 -1.216238
 -1.448537 -1.360761 -1.137617 -1.671107
 -1.856044 -1.316370 -1.101794 -1.413340
 -1.333701 -1.604246 -1.078006 -1.633805
 -1.182578 -1.242746 -2.257744 -1.202855
 -1.371126 -1.567743 -1.020924 -1.729338
 -1.901838 -1.455191 -1.108072 -1.247732
 -1.393638 -1.488948 -1.116453 -1.615554
 -1.296498 -1.108312 -2.285992 -1.221718
 -1.532417 -1.294459 -1.128612 -1.679544
 -1.898589 -1.364507 -1.101764 -1.337774
 -1.465432 -1.532326 -1.030979 -1.627951
 -1.186888 -1.205271 -2.138400 -1.282380
 -1.447878 -1.395653 -1.110740 -1.671605
 -1.864080 -1.442086 -1.016782 -1.399298
 -1.377349 -1.627573 -1.043060 -1.614586
 -1.296699 -1.210962 -2.120263 -1.175526
 -1.457246 -1.520277 -1.056316 -1.605757
 -1.820591 -1.348040 -1.123371 -1.373815
 -1.411312 -1.560586 -1.033789 -1.658065
 -1.235248 -1.074116 -2.279905 -1.326728
 -1.452587 -1.428168 -1.078315 -1.681364
 -1.811436 -1.355961 -1.071332 -1.442529
 -1.309883 -1.564621 -1.085783 -1.696391
 -1.283696 -1.112502 -2.302585 -1.223316
 -1.249093 -1.363448 -1.249093 -1.767887
 -1.923422 -1.235003 -1.069408 -1.514817
 -1.439558 -1.680026 -0.958169 -1.645046
 -1.206747 -1.170379 -2.190048 -1.277726
 -1.337532 -1.453402 -1.152297 -1.672255
 -1.930064 -1.403101 -1.045862 -1.356196
 -1.320350 -1.624561 -0.997011 -1.789885
 -1.307291 -1.017909 -2.433490 -1.271652
 -1.452876 -1.408719 -1.036188 -1.790704
 -1.762603 -1.366118 -1.041125 -1.512993
 -1.198897 -1.811028 -1.070388 -1.649677
 -1.239743 -1.128103 -2.305438 -1.247648
 -1.287340 -1.615636 -1.113135 -1.626053
 -1.762377 -1.627787 -0.918111 -1.457888
 -0.790055 -16.679995 -0.604807 -16.679995
 -0.291064 -16.510813 -1.376217 -16.510813
 -0.875574 -16.760475 -0.538921 -16.760475
 -1.220465 -16.528881 -0.349689 -16.528881
 -1.399115 -1.467187 -1.058963 -1.738430
 -1.386294 -1.386294 -1.386294 -1.386294
 -1.460929 -1.359266 -1.088391 -1.746563
 -1.386294 -1.386294 -1.386294 -1.386294
 -1.213252 -1.565096 -1.169721 -1.696907
 -1.287854 -1.102932 -2.268683 -1.242045
 -1.300606 -1.390269 -1.200600 -1.728158
 -1.775554 -1.409784 -1.035311 -1.464047
 -1.334079 -1.699861 -1.021011 -1.641652
 -1.190498 -1.241490 -2.213637 -1.211755
 -1.297577 -1.560566 -1.134537 -1.633633
 -1.757439 -1.464709 -1.030458 -1.429097
 -1.402238 -1.518237 -1.060677 -1.667941
 -1.159196 -1.224436 -2.253606 -1.247164
 -1.410405 -1.466161 -1.080773 -1.683017
 -1.906288 -1.408708 -1.022086 -1.398098
 -1.422288 -1.535826 -1.108127 -1.544663
 -1.171777 -1.224635 -2.272371 -1.226725
 -1.434261 -1.335619 -1.215881 -1.598179
 -1.933878 -1.372271 -1.033527 -1.401883
 -1.444844 -1.450279 -1.107598 -1.612638
 -1.296749 -1.134980 -2.473265 -1.136803
 -1.563728 -1.290782 -1.083142 -1.731266
 -1.881371 -1.385660 -1.151411 -1.268441
 -1.490737 -1.383543 -1.040421 -1.767268
 -1.443322 -0.953850 -2.379768 -1.251655
 -1.651038 -1.292890 -1.010894 -1.773256
 -1.803550 -1.219098 -1.119810 -1.544360
 -16.424845 -0.000000 -16.424845 -16.424845
 -16.822678 -0.000000 -16.822678 -16.822678
 -16.734362 -0.000000 -16.734362 -16.734362
 -16.461685 -0.000000 -16.461685 -16.461685
 -1.386294 -1.386294 -1.386294 -1.386294
 0.000000 -18.011810 -18.011810 -18.011810
 -1.386294 -1.386294 -1.386294 -1.386294
 -1.386294 -1.386294 -1.386294 -1.386294
 -18.011810 -18.011810 0.000000 -18.011810
 -1.386294 -1.386294 -1.386294 -1.386294
 -1.386294 -1.386294 -1.386294 -1.386294
 -1.386294 -1.386294 -1.386294 -1.386294
 -1.386294 -1.386294 -1.386294 -1.386294
 -1.386294 -1.386294 -1.386294 -1.386294
 -1.060370 -0.946700 -18.011810 -1.325563
 -1.386294 -1.386294 -1.386294 -1.386294
 -1.281195 -1.684315 -1.055238 -1.668055
 -1.319528 -1.086276 -2.275039 -1.229377
 -1.386294 -1.386294 -1.386294 -1.386294
 -1.745806 -1.635264 -0.896655 -1.502096
 -1.336224 -1.628568 -1.057888 -1.641108
 -1.314016 -1.192461 -2.340466 -1.104112
 -1.322316 -1.419308 -1.156232 -1.731991
 -1.709821 -1.381877 -1.167334 -1.359460
