 -1.621486 0.000100 0.000100 0.000100
 -1.012600 0.000100 0.000100 0.000100
 -1.705746 0.000100 0.000100 0.000100
 -1.356794 0.000100 0.000100 0.000100
 -1.299283 -1.337023 -1.459625 -1.459625
 -1.566420 -1.045124 -2.719094 -0.984500
 -1.215023 -1.143565 -2.112959 -1.332806
 -1.969438 -1.425825 -1.333452 -1.031172
 -1.609437 -1.036920 -1.442384 -1.564985
 -1.643339 -0.985284 -3.624319 -0.899762
 -1.246533 -1.290985 -1.386294 -1.673975
 -1.903349 -1.189584 -1.392525 -1.210204
 -1.252764 -1.289131 -1.589234 -1.449473
 -1.374318 -1.017644 -2.547033 -1.180163
 -1.555370 -1.065824 -1.555370 -1.455287
 -2.100058 -1.161792 -1.252763 -1.276861
 -1.581786 -1.061912 -1.677095 -1.340624
 -1.362197 -1.005523 -2.902633 -1.129575
 -1.285199 -1.452252 -1.598855 -1.247458
 -1.821611 -1.199083 -1.151455 -1.511457
 -1.627455 -1.107582 -1.583004 -1.317302
 -1.337504 -1.313974 -2.367119 -0.980830
 -1.178656 -1.045125 -1.802807 -1.738269
 -2.094037 -1.238375 -1.316336 -1.143065
 -1.695614 -0.977777 -1.983295 -1.194841
 -1.558144 -1.262681 -2.944429 -0.789775
 -1.364316 -1.555370 -1.408767 -1.241714
 -2.066194 -1.373049 -1.226446 -1.118816
 -1.770704 -1.142098 -1.770704 -1.077560
 -1.813264 -0.978469 -2.463848 -0.978469
 -1.353142 -1.310583 -1.849576 -1.156433
 -2.611195 -1.133099 -1.284330 -1.115707
 -2.525717 -1.098614 -2.120258 -0.762142
 -2.055342 -0.823201 -2.614954 -1.022330
 -1.738269 -1.045125 -1.802807 -1.178656
 -2.145929 -1.249844 -1.530745 -0.967277
 -1.840546 -1.007643 -1.840546 -1.147404
 -1.849578 -0.962277 -3.572328 -0.837979
 -2.211011 -1.154966 -1.400088 -1.112407
 -2.523054 -1.120235 -1.446919 -1.026417
 -2.031426 -1.166436 -2.164956 -0.815040
 -2.029290 -0.874327 -2.599831 -0.975132
 -2.552034 -1.085710 -1.510591 -1.011603
 -3.039208 -1.031750 -1.498772 -0.987947
 -1.526055 -1.120593 -3.135453 -0.884206
 -2.084859 -0.813637 -3.834038 -0.889623
 -1.804496 -1.150573 -1.971549 -0.968252
 -3.460499 -1.032766 -1.641355 -0.870248
 -2.341793 -1.060874 -2.159475 -0.815753
 -2.202499 -0.840306 -3.637568 -0.840306
 -2.602672 -0.944464 -2.379534 -0.810933
 -2.838097 -0.940984 -1.431190 -1.164127
 -1.435084 -1.435084 -3.737579 -0.693152
 -2.738350 -0.825969 -3.357383 -0.770706
 -2.564935 -1.178656 -1.871798 -0.773193
 -2.697735 -1.135556 -1.573810 -0.905982
 -2.104124 -1.315677 -3.020385 -0.578083
 -2.302582 -0.774117 -3.247035 -0.916292
 -4.060350 -0.594711 -3.367253 -0.924951
 -3.004775 -1.098613 -1.847328 -0.777705
 -12.765700 -12.765700 -12.765700 -0.000009
 -14.508659 -14.508659 -14.508659 -0.000002
 -13.038991 -13.038991 -13.038991 -0.000007
 -14.603970 -14.603970 -14.603970 -0.000001
 -1.386294 -1.386294 -1.386294 -1.386294
 -1.386294 -1.386294 -1.386294 -1.386294
 -1.386294 -1.386294 -1.386294 -1.386294
 -3.326230 -1.122856 -1.750698 -0.765568
 -0.944469 -0.492490 -12.100735 -12.100735
 -2.203375 -0.173771 -3.014299 -14.304093
 -2.268677 -0.514667 -1.207812 -13.676253
 -2.359993 -0.467433 -1.276651 -14.661381
 -1.627454 -1.029622 -13.235699 -0.806479
 -2.514232 -0.783844 -3.138383 -0.869705
 -2.803348 -1.098613 -1.887067 -0.788459
 -1.386294 -1.386294 -1.386294 -1.386294
 -1.860747 -0.862227 -13.017012 -0.862227
 -2.356123 -0.787511 -2.953956 -0.921042
 -1.791753 -1.203975 -2.014891 -0.916296
 -2.805683 -0.859779 -2.074799 -0.939822
 -2.014895 -0.973452 -3.113474 -0.810934
 -2.731575 -0.652140 -3.984320 -0.927987
 -2.128221 -1.435084 -2.351360 -0.602181
 -3.501531 -0.962572 -2.297570 -0.718595
 -1.642224 -0.489556 -3.433900 -1.824542
 -2.598045 -0.735910 -3.984320 -0.848850
 -2.302565 -1.098616 -1.321757 -1.203975
 -4.029783 -1.464857 -2.582883 -0.392221
 -0.882395 -0.969405 -3.367210 -1.757852
 -1.207603 -0.952257 -2.170411 -1.604017
 -1.321757 -1.609435 -0.836254 -2.302565
 -2.257121 -1.509908 -0.908569 -1.304464
 -13.835317 -0.000003 -13.835317 -13.835317
 -14.187077 -0.000002 -14.187077 -14.187077
 -14.144817 -0.000002 -14.144817 -14.144817
 -13.955276 -0.000003 -13.955276 -13.955276
 -1.386294 -1.386294 -1.386294 -1.386294
 -0.000001 -15.426948 -15.426948 -15.426948
 -1.386294 -1.386294 -1.386294 -1.386294
 -1.386294 -1.386294 -1.386294 -1.386294
 -15.426948 -15.426948 -0.000001 -15.426948
 -1.386294 -1.386294 -1.386294 -1.386294
 -1.386294 -1.386294 -1.386294 -1.386294
 -1.386294 -1.386294 -1.386294 -1.386294
 -1.386294 -1.386294 -1.386294 -1.386294
 -1.386294 -1.386294 -1.386294 -1.386294
 -0.640657 -1.253762 -15.426948 -1.673311
 -1.386294 -1.386294 -1.386294 -1.386294
 -1.532898 -1.550597 -1.481604 -1.065090
 -1.827349 -1.299283 -2.129628 -0.803963
 -1.386294 -1.386294 -1.386294 -1.386294
 -2.145395 -2.058384 -0.759107 -1.247458
 -1.143565 -1.515127 -1.515127 -1.419817
 -1.176322 -1.207094 -2.274928 -1.238842
 -1.660295 -1.361803 -0.967150 -1.751267
 -2.112962 -1.233715 -0.927341 -1.648658
 -1.367663 0.000100 0.000100 0.000100
 -1.460088 0.000100 0.000100 0.000100
 -1.313004 0.000100 0.000100 0.000100
 -1.410292 0.000100 0.000100 0.000100
 -1.404109 -1.492904 -1.097009 -1.630525
 -1.305169 -1.033854 -2.264583 -1.311684
 -1.606403 -1.465324 -0.940129 -1.727031
 -2.143421 -1.335671 -1.073797 -1.279929
 -1.396166 -1.505060 -1.108484 -1.607475
 -1.313724 -1.107872 -2.628361 -1.112534
 -1.655827 -1.391804 -0.991879 -1.663047
 -1.847022 -1.293921 -1.153875 -1.375599
 -1.386294 -1.568616 -1.206501 -1.417066
 -1.264157 -1.274910 -2.368130 -1.065920
 -1.483119 -1.510147 -1.311970 -1.262645
 -1.834684 -1.371282 -1.218078 -1.235270
 -1.365241 -1.590122 -1.103946 -1.564369
 -1.346554 -1.185010 -2.340454 -1.085189
 -1.403870 -1.590455 -1.176480 -1.418155
 -2.166960 -1.517434 -1.068349 -1.131263
 -1.493576 -1.681039 -1.008726 -1.493576
 -1.302211 -1.067522 -2.561445 -1.180851
 -1.224675 -1.396845 -1.245295 -1.766591
 -2.001189 -1.028457 -1.313433 -1.433922
 -1.424446 -1.755010 -1.011601 -1.501407
 -1.043350 -1.273575 -2.479240 -1.258461
 -1.327501 -1.539900 -1.152407 -1.586783
 -1.781288 -1.470439 -1.141630 -1.264232
 -1.200339 -1.507202 -1.237283 -1.675537
 -1.258173 -1.095022 -2.388941 -1.239364
 -1.662547 -1.352393 -1.078441 -1.553063
 -1.723749 -1.391216 -1.021470 -1.547562
 -1.512720 -1.619818 -0.884112 -1.779783
 -1.270753 -1.080179 -2.518005 -1.206560
 -1.615390 -1.314733 -1.195110 -1.469805
 -2.012159 -1.339774 -1.160956 -1.233715
 -1.215669 -1.757470 -1.170933 -1.509908
 -1.313055 -1.073105 -2.378330 -1.216205
 -1.512357 -1.277043 -1.304293 -1.472352
 -1.800058 -1.263565 -1.257734 -1.317632
 -1.562052 -1.612910 -1.010735 -1.482645
 -1.066352 -1.180893 -2.246089 -1.415019
 -1.607697 -1.246684 -1.182145 -1.581945
 -1.772711 -1.405712 -1.065513 -1.425515
 -1.388041 -1.632387 -1.008552 -1.659538
 -1.181790 -1.161587 -2.285516 -1.278121
 -1.177540 -1.334109 -1.334109 -1.800728
 -2.000768 -1.448700 -1.033185 -1.294549
 -1.415660 -1.628919 -1.415660 -1.144673
 -1.179058 -1.113211 -2.353792 -1.313337
 -1.461230 -1.441557 -1.107872 -1.603312
 -1.568616 -1.438351 -1.296268 -1.270123
 -1.360319 -1.512335 -1.179066 -1.534977
 -1.309152 -1.053805 -2.701523 -1.157602
 -1.306252 -1.372501 -1.287204 -1.611175
 -2.001172 -1.319454 -1.308026 -1.117218
 -1.663997 -1.189331 -1.116470 -1.721705
 -1.658603 -0.709777 -2.513805 -1.440195
 -1.738159 -1.055165 -1.197481 -1.748312
 -2.319626 -0.887523 -1.494903 -1.325218
 -15.194278 -15.194278 -15.194278 -0.000001
 -16.081432 -16.081432 -16.081432 -0.000000
 -15.529309 -15.529309 -15.529309 -0.000001
 -15.483218 -15.483218 -15.483218 -0.000001
 -1.386294 -1.386294 -1.386294 -1.386294
 -1.386294 -1.386294 -1.386294 -1.386294
 -1.386294 -1.386294 -1.386294 -1.386294
 -1.916105 -1.334511 -1.126386 -1.326777
 -1.057791 -1.232144 -1.018570 -15.096445
 -1.008114 -0.609766 -2.390160 -15.678040
 -1.282196 -1.142434 -0.907502 -15.886164
 -1.478220 -0.926357 -0.978265 -15.685774
 -1.343277 -1.634474 -1.113838 -1.534055
 -1.248111 -1.303784 -2.383491 -1.052045
 -1.414579 -1.530315 -1.055721 -1.647331
 -1.386294 -1.386294 -1.386294 -1.386294
 -1.272966 -1.881852 -0.943583 -1.723382
 -1.037055 -1.252763 -2.813997 -1.204561
 -1.133099 -1.697991 -1.165187 -1.697991
 -1.960094 -1.639623 -0.854103 -1.429466
 -1.506342 -1.533930 -1.063053 -1.526962
 -1.216903 -1.131605 -2.511628 -1.203297
 -1.395760 -1.077307 -1.374254 -1.840011
 -1.689328 -1.452418 -1.241854 -1.229275
 -1.342294 -1.461734 -1.259708 -1.499761
 -1.536062 -0.853172 -2.655292 -1.243291
 -1.234237 -1.384670 -1.279959 -1.712092
 -1.988927 -1.295780 -1.289391 -1.158251
 -1.451434 -1.213023 -1.183170 -1.819158
 -1.795849 -0.997752 -2.648625 -0.929990
 -1.479385 -1.222665 -1.210165 -1.716858
 -1.808126 -1.258461 -1.192138 -1.392809
 -15.375759 -0.000001 -15.375759 -15.375759
 -15.856731 -0.000000 -15.856731 -15.856731
 -15.555978 -0.000001 -15.555978 -15.555978
 -15.656061 -0.000001 -15.656061 -15.656061
 -1.386294 -1.386294 -1.386294 -1.386294
 0.000000 -17.012550 -17.012550 -17.012550
 -1.386294 -1.386294 -1.386294 -1.386294
 -1.386294 -1.386294 -1.386294 -1.386294
 -17.012550 -17.012550 -0.000000 -17.012550
 -1.386294 -1.386294 -1.386294 -1.386294
 -1.386294 -1.386294 -1.386294 -1.386294
 -1.386294 -1.386294 -1.386294 -1.386294
 -1.386294 -1.386294 -1.386294 -1.386294
 -1.386294 -1.386294 -1.386294 -1.386294
 -1.074778 -0.887479 -17.012550 -1.398635
 -1.386294 -1.386294 -1.386294 -1.386294
 -1.255161 -1.829592 -1.103414 -1.501685
 -1.429934 -0.867359 -2.532703 -1.342577
 -1.386294 -1.386294 -1.386294 -1.386294
 -1.768845 -1.567292 -1.066036 -1.285580
 -1.278874 -1.703031 -1.156984 -1.491273
 -1.584852 -1.367440 -2.719831 -0.745752
 -1.326190 -1.477013 -1.177770 -1.618327
 -1.945910 -1.348073 -1.090528 -1.341843
