 -1.741497 0.000100 0.000100 0.000100
 -1.100086 0.000100 0.000100 0.000100
 -1.716600 0.000100 0.000100 0.000100
 -1.164035 0.000100 0.000100 0.000100
 -1.345136 -1.041455 -2.006532 -1.377926
 -1.528714 -1.116470 -2.530159 -0.977884
 -1.370034 -1.140460 -1.585145 -1.508184
 -2.024380 -1.151894 -1.424761 -1.166932
 -1.533276 -0.983231 -1.468738 -1.715597
 -1.574036 -1.126012 -3.100084 -0.859383
 -1.655957 -1.089563 -1.810107 -1.174121
 -2.005332 -1.178655 -1.277095 -1.277095
 -2.055722 -0.820982 -1.783790 -1.331806
 -1.805182 -0.800981 -2.582883 -1.167606
 -1.304949 -1.133099 -1.635189 -1.551808
 -2.019652 -1.008053 -1.224724 -1.567668
 -1.591893 -0.795564 -2.242476 -1.431551
 -1.594785 -1.037771 -2.657676 -0.986999
 -1.005523 -1.256837 -2.509593 -1.315677
 -2.374902 -1.004360 -1.158511 -1.483933
 -1.602269 -0.964183 -1.798978 -1.379126
 -1.651110 -1.001449 -2.862195 -0.957964
 -1.558144 -1.258041 -1.781286 -1.088142
 -2.659255 -1.035638 -1.093625 -1.427116
 -1.858132 -0.884687 -1.800974 -1.324052
 -1.873878 -0.996161 -3.086894 -0.840407
 -1.386294 -1.123931 -1.954276 -1.261132
 -2.346599 -1.137642 -1.215200 -1.247990
 -1.871800 -0.860203 -1.508896 -1.599868
 -1.630491 -0.875469 -2.772584 -1.123930
 -1.591088 -1.314836 -1.546636 -1.155771
 -2.591733 -0.994134 -1.281815 -1.281815
 -1.791758 -0.774827 -2.322381 -1.292769
 -1.720434 -0.933956 -2.553340 -1.049267
 -1.729238 -1.209364 -1.562184 -1.156721
 -2.387739 -1.015435 -1.471452 -1.150981
 -1.801514 -1.023812 -1.862138 -1.138222
 -2.249338 -0.783004 -2.906115 -0.960211
 -2.312529 -0.977536 -1.570597 -1.149385
 -3.086478 -1.045267 -1.140577 -1.261937
 -1.450832 -1.114362 -1.961654 -1.214445
 -2.459214 -0.719515 -3.109798 -0.959983
 -2.156729 -0.924591 -1.851350 -1.106912
 -2.777038 -0.916291 -1.464857 -1.181994
 -2.110207 -0.663297 -2.243736 -1.356442
 -2.114531 -0.841568 -3.367287 -0.882390
 -2.219198 -1.120592 -1.749198 -0.938271
 -3.362965 -0.976510 -1.592270 -0.953782
 -3.012235 -0.778672 -2.501422 -0.892001
 -2.186412 -0.752867 -2.981338 -1.005281
 -2.302577 -0.718467 -2.079437 -1.246533
 -3.958888 -0.953225 -1.761681 -0.858815
 -3.156959 -0.759109 -2.751510 -0.854419
 -1.868451 -0.960895 -3.212180 -0.860812
 -2.694613 -1.008230 -1.596014 -1.008230
 -3.363447 -0.965562 -1.648658 -0.935709
 -2.047687 -1.131404 -13.337481 -0.600777
 -2.623902 -0.789222 -3.083431 -0.849846
 -2.436107 -1.086191 -1.897117 -0.855668
 -3.131858 -0.972381 -1.855570 -0.863181
 -13.038990 -0.000006 -13.038990 -13.038990
 -14.808764 -0.000001 -14.808764 -14.808764
 -13.415039 -0.000004 -13.415039 -13.415039
 -14.900702 -0.000001 -14.900702 -14.900702
 -1.386294 -1.386294 -1.386294 -1.386294
 -2.443083 -0.999160 -3.119421 -0.691676
 -1.386294 -1.386294 -1.386294 -1.386294
 -1.386294 -1.386294 -1.386294 -1.386294
 -2.468086 -0.858664 -13.287885 -0.710245
 -2.343405 -0.896489 -2.748868 -0.839330
 -2.302565 -0.762146 -2.708014 -1.003306
 -3.526352 -0.938597 -1.184555 -1.296346
 -1.540443 -0.646632 -3.737579 -1.435084
 -2.116619 -0.850955 -2.722752 -0.949690
 -2.724570 -1.019832 -2.095968 -0.796689
 -3.086894 -0.830837 -1.572774 -1.167309
 -2.031426 -0.743581 -2.724561 -1.115143
 -2.367121 -0.639081 -3.717037 -1.037988
 -3.044502 -0.717247 -2.128227 -1.063522
 -3.559409 -0.841893 -1.721141 -1.016696
 -1.749196 -0.784123 -13.038990 -0.995431
 -2.534914 -0.551267 -3.713561 -1.139053
 -2.564935 -0.842185 -1.977158 -1.038895
 -3.688864 -0.605443 -2.148432 -1.163151
 -2.197213 -1.034076 -3.113474 -0.715624
 -2.966353 -0.582921 -3.345841 -1.035600
 -2.014895 -0.862227 -1.241714 -1.860747
 -2.995725 -1.234745 -2.174750 -0.606137
 -1.074517 -1.410987 -1.148625 -2.327262
 -1.166435 -0.949628 -2.006739 -1.788486
 -1.137080 -1.667704 -0.879252 -2.583980
 -2.023870 -1.475906 -0.855667 -1.540445
 -14.304093 -0.000002 -14.304093 -14.304093
 -14.518610 -0.000002 -14.518610 -14.518610
 -14.483342 -0.000002 -14.483342 -14.483342
 -13.989468 -0.000003 -13.989468 -13.989468
 -1.386294 -1.386294 -1.386294 -1.386294
 -0.000001 -15.730962 -15.730962 -15.730962
 -1.386294 -1.386294 -1.386294 -1.386294
 -1.386294 -1.386294 -1.386294 -1.386294
 -15.730962 -15.730962 -0.000000 -15.730962
 -1.386294 -1.386294 -1.386294 -1.386294
 -1.386294 -1.386294 -1.386294 -1.386294
 -1.386294 -1.386294 -1.386294 -1.386294
 -1.386294 -1.386294 -1.386294 -1.386294
 -1.386294 -1.386294 -1.386294 -1.386294
 -0.718503 -1.136126 -15.730962 -1.653087
 -1.386294 -1.386294 -1.386294 -1.386294
 -1.568012 -1.525452 -1.395399 -1.119987
 -1.600305 -1.257361 -2.126396 -0.930148
 -1.386294 -1.386294 -1.386294 -1.386294
 -1.871800 -1.923093 -0.807093 -1.371027
 -1.176778 -1.152680 -1.845825 -1.523053
 -1.366876 -0.871556 -2.257846 -1.504077
 -1.305326 -1.199965 -1.448426 -1.646251
 -2.129111 -1.205443 -0.959042 -1.618287
 -1.601139 0.000100 0.000100 0.000100
 -1.275946 0.000100 0.000100 0.000100
 -1.213275 0.000100 0.000100 0.000100
 -1.505328 0.000100 0.000100 0.000100
 -1.493800 -1.417066 -1.094489 -1.617737
 -1.440472 -1.015589 -2.435405 -1.160170
 -1.637876 -1.128975 -1.120342 -1.857420
 -2.058388 -1.280684 -1.081242 -1.365241
 -1.536234 -1.479076 -1.002152 -1.661397
 -1.393541 -1.135381 -2.318963 -1.102229
 -1.594824 -1.320180 -1.120942 -1.589656
 -1.893112 -1.283346 -1.061944 -1.484984
 -1.467231 -1.225654 -1.198625 -1.747191
 -1.322505 -1.107635 -2.156163 -1.246793
 -1.436119 -1.264727 -1.163772 -1.786602
 -2.160614 -1.140141 -1.045795 -1.543841
 -1.286396 -1.617250 -1.150520 -1.566284
 -1.311412 -1.230853 -2.589664 -1.012053
 -1.396832 -1.388393 -1.120871 -1.730765
 -1.874406 -1.256019 -1.127638 -1.435605
 -1.459425 -1.505234 -1.032630 -1.662863
 -1.308976 -1.085833 -2.128875 -1.297142
 -1.445511 -1.412567 -1.104265 -1.663881
 -2.100425 -1.416247 -0.832472 -1.609438
 -1.492517 -1.436636 -1.064323 -1.647625
 -1.313851 -0.996113 -2.329396 -1.329724
 -1.422029 -1.289431 -1.350055 -1.495563
 -2.001999 -1.308852 -0.993901 -1.493099
 -1.519826 -1.554713 -1.233573 -1.277440
 -1.236657 -1.062040 -2.226296 -1.362697
 -1.544028 -1.323904 -1.181341 -1.544028
 -2.115403 -1.157564 -1.068616 -1.506516
 -1.519642 -1.284802 -1.191609 -1.605584
 -1.338285 -1.083301 -2.181913 -1.250355
 -1.597475 -1.190210 -1.179476 -1.682032
 -2.107350 -1.202445 -1.043942 -1.487586
 -1.579866 -1.308879 -1.091814 -1.669892
 -1.388104 -1.084249 -2.263572 -1.176623
 -1.734955 -1.094371 -1.173620 -1.717044
 -2.155427 -1.191851 -1.088904 -1.410987
 -1.713507 -1.340832 -0.965445 -1.729768
 -1.375786 -0.923801 -2.381308 -1.355096
 -1.495494 -1.227230 -1.187585 -1.727086
 -1.938859 -1.151894 -1.163151 -1.480190
 -1.478102 -1.610788 -0.934678 -1.717651
 -1.365170 -0.919284 -2.145632 -1.474626
 -1.452948 -1.402824 -1.047483 -1.775499
 -1.949798 -1.220933 -1.070549 -1.514481
 -1.515506 -1.411871 -1.061433 -1.657281
 -0.994657 -1.214641 -2.462683 -1.393813
 -1.372582 -1.341928 -1.204630 -1.685216
 -1.992430 -1.226258 -1.132229 -1.394593
 -1.636837 -1.648010 -0.801515 -1.805913
 -1.319734 -1.009579 -2.352387 -1.297261
 -1.585367 -1.304464 -1.098612 -1.658228
 -2.049288 -1.303117 -1.058607 -1.376142
 -1.789023 -1.231752 -1.055710 -1.644284
 -1.339227 -0.995664 -2.298576 -1.316499
 -1.839072 -1.092164 -1.064988 -1.827511
 -2.141961 -1.117733 -1.210730 -1.356441
 -15.684232 -0.000001 -15.684232 -15.684232
 -16.302914 -0.000000 -16.302914 -16.302914
 -16.080395 -0.000000 -16.080395 -16.080395
 -15.877297 -0.000000 -15.877297 -15.877297
 -1.386294 -1.386294 -1.386294 -1.386294
 -1.376344 -1.154301 -2.319392 -1.096947
 -1.386294 -1.386294 -1.386294 -1.386294
 -1.386294 -1.386294 -1.386294 -1.386294
 -1.613848 -1.494225 -0.909712 -1.749750
 -1.330606 -1.187949 -2.129113 -1.165091
 -1.742162 -1.115707 -1.284330 -1.512588
 -2.279557 -1.534914 -0.703181 -1.675642
 -1.524556 -1.581309 -0.902868 -1.765091
 -1.163367 -1.156471 -1.993511 -1.440722
 -1.752345 -1.348492 -0.892702 -1.848622
 -1.966989 -1.273843 -1.064834 -1.445693
 -1.450568 -1.656904 -0.880515 -1.830927
 -1.152852 -1.189584 -2.454322 -1.224190
 -1.250193 -1.556003 -1.092627 -1.788335
 -1.984513 -1.382096 -0.938270 -1.513236
 -1.676167 -1.308442 -0.997748 -1.748926
 -1.309376 -1.073439 -2.155244 -1.300829
 -1.629334 -1.215926 -1.200227 -1.578041
 -1.984972 -1.249466 -1.103910 -1.409007
 -1.633433 -1.338634 -1.102805 -1.557796
 -1.581913 -0.954210 -2.514167 -1.113608
 -1.804727 -1.135972 -1.325728 -1.391262
 -2.140066 -1.073889 -1.206897 -1.420671
 -1.496857 -1.313337 -1.046836 -1.856620
 -1.528562 -0.845076 -2.545948 -1.290151
 -1.599868 -1.285753 -1.064350 -1.733400
 -1.949079 -1.101782 -1.098612 -1.650348
 -15.764275 -0.000001 -15.764275 -15.764275
 -16.322668 -0.000000 -16.322668 -16.322668
 -16.029264 -0.000000 -16.029264 -16.029264
 -15.838383 -0.000000 -15.838383 -15.838383
 -1.386294 -1.386294 -1.386294 -1.386294
 0.000000 -17.399029 -17.399029 -17.399029
 -1.386294 -1.386294 -1.386294 -1.386294
 -1.386294 -1.386294 -1.386294 -1.386294
 -17.399029 -17.399029 -0.000000 -17.399029
 -1.386294 -1.386294 -1.386294 -1.386294
 -1.386294 -1.386294 -1.386294 -1.386294
 -1.386294 -1.386294 -1.386294 -1.386294
 -1.386294 -1.386294 -1.386294 -1.386294
 -1.386294 -1.386294 -1.386294 -1.386294
 -1.146403 -0.849801 -17.399029 -1.367582
 -1.386294 -1.386294 -1.386294 -1.386294
 -1.372405 -1.617336 -0.939728 -1.849329
 -1.463957 -0.891582 -2.348455 -1.335001
 -1.386294 -1.386294 -1.386294 -1.386294
 -2.076175 -1.633722 -0.729798 -1.622610
 -1.469847 -1.469847 -1.073952 -1.617353
 -1.402824 -1.025193 -2.234556 -1.243644
 -1.554051 -1.308333 -1.082336 -1.717376
 -2.056214 -1.284596 -1.006393 -1.470698
