 -1.277334 0.000100 0.000100 0.000100
 -1.660658 0.000100 0.000100 0.000100
 -1.776618 0.000100 0.000100 0.000100
 -1.016119 0.000100 0.000100 0.000100
 -1.208961 -1.453157 -1.806796 -1.192431
 -1.231102 -1.182312 -3.821338 -0.968738
 -1.545924 -1.220503 -1.808287 -1.115142
 -1.539168 -1.182494 -1.714372 -1.207812
 -1.196674 -1.252763 -1.945909 -1.312187
 -1.228666 -1.334026 -4.224366 -0.845674
 -1.108369 -1.862138 -1.543686 -1.200742
 -1.592270 -1.804831 -1.592270 -0.847299
 -1.183770 -1.449473 -1.844126 -1.200578
 -1.337504 -1.246533 -3.283400 -0.885520
 -1.058608 -1.493925 -1.751752 -1.366092
 -1.526805 -1.675225 -1.444114 -1.022901
 -1.033752 -1.506658 -1.972020 -1.260525
 -1.767661 -1.110883 -3.713549 -0.743159
 -1.048603 -1.584119 -2.054121 -1.151257
 -1.535039 -1.479980 -1.479980 -1.110883
 -1.125139 -1.381072 -1.956435 -1.263290
 -1.512588 -1.347508 -2.873557 -0.769432
 -1.041455 -1.580450 -1.916920 -1.223776
 -1.811880 -1.482401 -1.574209 -0.910333
 -1.156432 -1.492904 -2.186049 -1.054650
 -1.215669 -1.386294 -3.761177 -0.843430
 -1.386294 -1.210404 -2.447159 -1.006806
 -1.976330 -1.716047 -1.737100 -0.681975
 -1.223776 -1.446919 -2.245424 -1.008665
 -1.561235 -1.258955 -3.008145 -0.783532
 -1.246533 -1.337504 -1.984127 -1.163152
 -2.122422 -1.590206 -1.484846 -0.798868
 -1.568615 -1.358895 -2.261759 -0.842680
 -1.639290 -1.285651 -2.938565 -0.741350
 -1.728388 -1.271632 -2.187917 -0.844189
 -2.120262 -1.347074 -1.609438 -0.867501
 -1.215337 -1.635189 -2.285773 -0.899485
 -2.038618 -1.083109 -3.060262 -0.724897
 -2.166448 -1.067842 -1.999395 -0.900788
 -2.385275 -1.504077 -1.675035 -0.696328
 -1.237875 -1.469676 -3.218855 -0.820982
 -1.786536 -1.157929 -3.460499 -0.719675
 -1.441557 -1.131403 -1.824547 -1.274503
 -1.948881 -1.777031 -1.676948 -0.690185
 -1.656321 -1.542992 -2.795746 -0.626704
 -2.091274 -1.075356 -4.037155 -0.658463
 -2.079437 -1.341843 -1.704746 -0.839753
 -2.278773 -1.461329 -1.585627 -0.774698
 -1.515127 -1.291984 -3.412218 -0.749661
 -1.967649 -1.200395 -3.616291 -0.630628
 -1.663504 -2.068966 -1.914817 -0.622054
 -2.487774 -1.436231 -1.794628 -0.667687
 -1.967647 -1.642226 -13.742944 -0.405468
 -2.174749 -1.181500 -3.784167 -0.585518
 -2.772574 -1.163152 -2.079437 -0.693150
 -2.700015 -1.246065 -1.875842 -0.709408
 -1.745237 -1.435084 -13.353481 -0.532220
 -2.227075 -1.174986 -3.708664 -0.581923
 -2.470909 -1.429466 -1.960090 -0.625097
 -2.310447 -1.342865 -2.141371 -0.649718
 -2.146575 -1.635754 -13.554151 -0.373517
 -2.328557 -1.068308 -3.481225 -0.638272
 -2.484893 -1.529394 -2.484893 -0.483431
 -2.596281 -1.532762 -1.903136 -0.579085
 -1.562184 -1.824546 -13.337481 -0.463577
 -2.354169 -1.255560 -14.397728 -0.477857
 -1.931517 -1.836208 -1.836208 -0.623192
 -2.435072 -1.403473 -2.086767 -0.611422
 -1.765782 -1.386294 -13.541079 -0.546547
 -2.108767 -1.042418 -4.054648 -0.675956
 -2.335365 -1.354546 -2.181216 -0.630630
 -2.460807 -1.410987 -1.889022 -0.654866
 -1.752536 -1.321756 -3.624296 -0.628611
 -2.059237 -1.183770 -3.668659 -0.614677
 -3.583474 -1.018571 -1.878767 -0.780161
 -2.500905 -1.207507 -1.927560 -0.747509
 -1.218158 -1.490090 -13.473026 -0.736322
 -2.056865 -0.856473 -4.002754 -0.845778
 -2.093229 -1.199418 -2.344540 -0.735114
 -2.166960 -1.118359 -2.051891 -0.843581
 -2.292529 -1.161133 -13.805464 -0.534679
 -2.422383 -1.036092 -3.721654 -0.630628
 -2.433600 -1.478101 -2.433600 -0.516695
 -2.623405 -1.328085 -2.095339 -0.617239
 -13.304691 -13.304691 -13.304691 -0.000005
 -14.585621 -14.585621 -14.585621 -0.000001
 -13.122372 -13.122372 -13.122372 -0.000006
 -15.189227 -15.189227 -15.189227 -0.000001
 -1.386294 -1.386294 -1.386294 -1.386294
 -1.386294 -1.386294 -1.386294 -1.386294
 -1.386294 -1.386294 -1.386294 -1.386294
 -2.173919 -1.125318 -1.505465 -1.079381
 -13.617064 -13.617064 -13.617064 -0.000004
 -14.665663 -14.665663 -14.665663 -0.000001
 -14.285517 -14.285517 -14.285517 -0.000002
 -14.711600 -14.711600 -14.711600 -0.000001
 -1.386294 -1.386294 -1.386294 -1.386294
 -1.386294 -1.386294 -1.386294 -1.386294
 -1.386294 -1.386294 -1.386294 -1.386294
 -0.000001 -15.790980 -15.790980 -15.790980
 -15.790980 -15.790980 -0.000000 -15.790980
 -1.386294 -1.386294 -1.386294 -1.386294
 -1.386294 -1.386294 -1.386294 -1.386294
 -1.386294 -1.386294 -1.386294 -1.386294
 -1.386294 -1.386294 -1.386294 -1.386294
 -1.386294 -1.386294 -1.386294 -1.386294
 -1.505465 -2.058850 -0.599225 -2.290179
 -1.386294 -1.386294 -1.386294 -1.386294
 -1.290984 -1.817076 -1.897118 -0.885520
 -1.263692 -1.263692 -2.219198 -1.120592
 -1.254027 -1.747307 -1.663926 -1.046941
 -1.892560 -1.892560 -1.346021 -0.824726
 -0.991193 -1.802121 -1.656940 -1.297566
 -1.356441 -1.299283 -1.992428 -1.098613
 -1.214445 -1.418043 -1.593933 -1.355523
 -1.579915 -1.476375 -1.121341 -1.428365
 -1.344192 0.000100 0.000100 0.000100
 -1.491350 0.000100 0.000100 0.000100
 -1.481239 0.000100 0.000100 0.000100
 -1.248882 0.000100 0.000100 0.000100
 -1.221673 -1.645156 -1.308684 -1.418383
 -1.323281 -1.104729 -2.509598 -1.135884
 -1.364403 -1.535761 -1.238777 -1.429466
 -1.661823 -1.581134 -1.276161 -1.122827
 -1.170887 -1.695615 -1.257361 -1.504995
 -1.228502 -1.228502 -2.518874 -1.096650
 -1.396089 -1.357474 -1.396089 -1.396089
 -1.764666 -1.624084 -1.292307 -1.029943
 -1.211869 -1.737023 -1.249140 -1.428933
 -1.315315 -0.968317 -2.888383 -1.216644
 -1.302669 -1.556118 -1.244682 -1.473121
 -1.706314 -1.511145 -1.324106 -1.103318
 -1.055825 -1.842190 -1.345254 -1.456068
 -1.148623 -1.329762 -2.695000 -1.047413
 -1.398416 -1.556640 -1.098613 -1.566209
 -1.578566 -1.547068 -1.402934 -1.093674
 -1.072637 -1.845826 -1.490194 -1.292181
 -1.186805 -1.275753 -2.768266 -1.041815
 -1.398515 -1.466337 -1.275282 -1.415044
 -1.732459 -1.557743 -1.212584 -1.154826
 -1.171794 -1.876114 -1.240787 -1.394937
 -1.300702 -1.155521 -2.569212 -1.090138
 -1.519534 -1.607395 -1.068399 -1.438772
 -1.494066 -1.675009 -1.377049 -1.090902
 -1.186273 -1.933487 -1.386294 -1.203973
 -1.278306 -1.278306 -2.656755 -0.986695
 -1.340624 -1.563768 -1.278321 -1.384427
 -1.578428 -1.625311 -1.294570 -1.130615
 -1.055614 -1.748760 -1.515567 -1.353448
 -1.246044 -1.302284 -2.542724 -1.016670
 -1.442384 -1.477170 -1.314209 -1.321756
 -1.527239 -1.781472 -1.234468 -1.128600
 -1.018831 -1.869263 -1.304949 -1.543840
 -1.118952 -1.340385 -3.011513 -1.014963
 -1.281751 -1.740058 -1.076412 -1.579285
 -1.473444 -1.703232 -1.281237 -1.167714
 -1.072637 -1.916922 -1.289016 -1.446919
 -1.189584 -1.316336 -2.591877 -1.042260
 -1.252763 -1.799306 -1.327884 -1.259364
 -1.558565 -1.723440 -1.369599 -1.030293
 -1.189126 -1.791759 -1.367246 -1.294487
 -1.101116 -1.290984 -2.855967 -1.093625
 -1.412585 -1.412585 -1.289353 -1.437483
 -1.757555 -1.802406 -1.252007 -0.976301
 -1.190351 -1.731029 -1.328937 -1.370322
 -1.253887 -1.294053 -2.920017 -0.950580
 -1.334608 -1.710659 -1.132582 -1.453324
 -1.749571 -1.732622 -1.521313 -0.841865
 -1.096789 -1.752398 -1.329542 -1.477961
 -1.133952 -1.341038 -2.772586 -1.037988
 -1.343735 -1.626140 -1.312482 -1.297215
 -1.804285 -1.566129 -1.331136 -1.015065
 -1.164210 -1.765648 -1.420378 -1.290503
 -1.100818 -1.314076 -2.716897 -1.100818
 -1.388325 -1.575536 -1.302670 -1.302670
 -1.666071 -1.722766 -1.466833 -0.911837
 -1.278170 -1.632186 -1.290670 -1.382840
 -1.221511 -1.213848 -2.793205 -1.058607
 -1.360319 -1.497520 -1.343369 -1.351808
 -1.668832 -1.821740 -1.335564 -0.949902
 -1.201516 -1.762666 -1.239020 -1.435454
 -1.142966 -1.281368 -2.699409 -1.089973
 -1.293204 -1.709842 -1.155054 -1.471091
 -1.742349 -1.640300 -1.024711 -1.301698
 -1.263420 -1.895942 -1.232649 -1.288738
 -1.197985 -1.342234 -2.960327 -0.954161
 -1.499014 -1.690468 -1.364536 -1.088511
 -1.567591 -1.766441 -1.302708 -1.053492
 -1.224871 -2.072168 -1.269323 -1.206409
 -1.125808 -1.371766 -2.352594 -1.118318
 -1.448426 -1.635889 -1.148005 -1.374318
 -1.340771 -1.892564 -1.250710 -1.199417
 -1.376377 -1.825546 -1.563975 -0.975308
 -1.203973 -1.345051 -2.682072 -0.991412
 -1.284512 -1.583004 -1.393463 -1.310657
 -1.569859 -1.615668 -1.470486 -1.012378
 -1.342234 -1.523177 -1.363141 -1.328536
 -1.384019 -0.966506 -2.826400 -1.171845
 -1.421060 -1.232469 -1.499532 -1.411670
 -1.733716 -1.548891 -1.748868 -0.828008
 -15.412877 -15.412877 -15.412877 -0.000001
 -15.566449 -15.566449 -15.566449 -0.000001
 -15.194278 -15.194278 -15.194278 -0.000001
 -15.788202 -15.788202 -15.788202 -0.000000
 -1.386294 -1.386294 -1.386294 -1.386294
 -1.386294 -1.386294 -1.386294 -1.386294
 -1.386294 -1.386294 -1.386294 -1.386294
 -1.703377 -1.493385 -1.281300 -1.153137
 -15.196794 -15.196794 -15.196794 -0.000001
 -15.406785 -15.406785 -15.406785 -0.000001
 -15.618870 -15.618870 -15.618870 -0.000001
 -15.747032 -15.747032 -15.747032 -0.000000
 -1.386294 -1.386294 -1.386294 -1.386294
 -1.386294 -1.386294 -1.386294 -1.386294
 -1.386294 -1.386294 -1.386294 -1.386294
 0.000000 -16.900169 -16.900169 -16.900169
 -16.900169 -16.900169 -0.000000 -16.900169
 -1.386294 -1.386294 -1.386294 -1.386294
 -1.386294 -1.386294 -1.386294 -1.386294
 -1.386294 -1.386294 -1.386294 -1.386294
 -1.386294 -1.386294 -1.386294 -1.386294
 -1.386294 -1.386294 -1.386294 -1.386294
 -1.239358 -1.626043 -1.403831 -1.316509
 -1.386294 -1.386294 -1.386294 -1.386294
 -1.038825 -1.825497 -1.302976 -1.545196
 -1.151131 -1.318853 -2.928288 -1.013929
 -1.309264 -1.523824 -1.295566 -1.433968
 -1.231656 -1.553038 -1.468045 -1.323464
 -1.243194 -2.005333 -1.104547 -1.404205
 -1.109590 -1.214214 -2.725669 -1.178109
 -1.190783 -1.748675 -1.315486 -1.371726
 -1.626982 -1.592196 -1.254504 -1.155873
