 -1.534935 0.000100 0.000100 0.000100
 -1.341282 0.000100 0.000100 0.000100
 -1.681988 0.000100 0.000100 0.000100
 -1.087623 0.000100 0.000100 0.000100
 -1.429969 -1.265667 -1.766440 -1.178656
 -1.429466 -1.372308 -3.009905 -0.781441
 -1.149385 -1.670680 -1.570597 -1.247825
 -1.913648 -1.425296 -1.277661 -1.098613
 -1.240443 -1.330055 -1.751267 -1.299283
 -1.586964 -1.356441 -2.803351 -0.739669
 -1.193923 -1.376244 -1.761905 -1.299283
 -1.641355 -1.614687 -1.538701 -0.934786
 -1.146241 -1.222227 -2.087221 -1.333452
 -1.768769 -1.075624 -3.250358 -0.799371
 -1.632694 -1.000174 -2.163318 -1.133705
 -1.677348 -1.317975 -1.624705 -1.054161
 -1.024505 -1.466337 -1.817733 -1.394878
 -1.562645 -1.129010 -3.038542 -0.869500
 -1.070443 -1.683544 -2.169047 -1.029621
 -2.150702 -1.457557 -1.480547 -0.859721
 -1.315677 -1.256837 -2.247231 -1.074516
 -1.595049 -0.976011 -3.317799 -0.956963
 -1.360977 -1.791757 -1.265667 -1.221215
 -1.950823 -1.386294 -1.604548 -0.899280
 -1.404643 -1.089563 -1.992427 -1.266494
 -1.759182 -1.125460 -2.937828 -0.797773
 -1.450010 -1.755390 -1.450010 -1.027155
 -2.045207 -1.519115 -1.277953 -0.985817
 -1.449473 -1.289131 -1.751752 -1.150981
 -1.791758 -1.232144 -2.772580 -0.735708
 -1.640527 -1.150981 -1.751752 -1.150981
 -2.368764 -1.381380 -1.305873 -0.956498
 -1.223776 -1.307157 -2.044752 -1.184556
 -1.881784 -0.922936 -3.918637 -0.842894
 -1.449473 -1.183771 -1.812377 -1.217672
 -2.509117 -1.231461 -1.471133 -0.923494
 -1.586964 -0.950978 -2.174746 -1.219241
 -1.725067 -1.000173 -2.856462 -0.924950
 -1.791757 -1.221215 -1.871799 -0.955513
 -2.268681 -1.235669 -1.847469 -0.802347
 -1.646250 -1.051546 -2.221610 -1.051546
 -2.057461 -1.003303 -3.401183 -0.750307
 -2.212965 -1.268512 -1.519825 -0.940009
 -2.156400 -1.525131 -1.424035 -0.853491
 -2.183231 -1.429466 -2.470909 -0.573804
 -1.673976 -1.032123 -3.129252 -0.885520
 -2.091859 -1.027155 -1.755390 -1.062246
 -2.110211 -1.208311 -1.728845 -0.909819
 -1.691674 -1.622682 -2.384814 -0.641857
 -2.257119 -1.036621 -2.950261 -0.716679
 -2.610056 -1.386294 -1.654557 -0.723003
 -2.652357 -1.220258 -1.814031 -0.752122
 -1.890845 -1.137080 -2.360842 -0.834801
 -2.302581 -1.123931 -3.283400 -0.620828
 -2.243736 -1.356442 -2.243736 -0.634310
 -2.742731 -1.258461 -1.769286 -0.731763
 -2.079433 -1.306252 -13.081550 -0.503910
 -3.289631 -0.804739 -3.001953 -0.763917
 -2.063687 -1.370546 -1.945905 -0.741940
 -2.894063 -1.258314 -1.773477 -0.711770
 -2.169040 -2.169040 -3.555259 -0.297259
 -2.696871 -1.121341 -3.235861 -0.566664
 -2.756822 -1.147404 -2.197217 -0.677402
 -2.542723 -1.310583 -2.153260 -0.624405
 -1.767657 -1.767657 -12.923923 -0.417741
 -2.203736 -0.959416 -4.343758 -0.706221
 -3.135453 -0.938273 -2.442331 -0.737603
 -2.414588 -1.167132 -1.996854 -0.768785
 -1.262243 -0.974562 -13.180640 -1.079922
 -2.879191 -0.825076 -2.783881 -0.812337
 -2.463837 -1.142099 -2.240698 -0.714658
 -2.444233 -1.331235 -1.628486 -0.792239
 -2.341793 -1.118032 -13.161592 -0.550051
 -2.319111 -0.960992 -4.110843 -0.687699
 -2.427737 -1.275069 -1.511457 -0.887305
 -2.484903 -1.003303 -2.302583 -0.798508
 -1.945904 -1.058609 -3.198631 -0.756330
 -2.089802 -0.885832 -3.881541 -0.813512
 -2.639033 -0.847302 -2.128221 -0.965084
 -2.557224 -1.053150 -1.942041 -0.843430
 -1.424034 -1.044547 -13.199332 -0.897944
 -2.432635 -0.904170 -3.125776 -0.769134
 -1.925285 -1.037990 -1.673974 -1.163152
 -2.372787 -0.964023 -2.468096 -0.819442
 -0.628612 -0.798511 -4.094251 -13.304691
 -1.941135 -0.230348 -2.777379 -14.552676
 -1.072640 -0.593069 -2.251277 -12.847937
 -1.726161 -0.439952 -1.726161 -14.674173
 -0.955513 -1.429969 -2.970401 -1.124589
 -1.697940 -0.821229 -2.535335 -1.211286
 -1.791756 -1.003304 -1.791756 -1.203974
 -1.386294 -1.386294 -1.386294 -1.386294
 -14.014364 -14.014364 -14.014364 -0.000002
 -14.562201 -14.562201 -14.562201 -0.000001
 -13.017012 -13.017012 -13.017012 -0.000007
 -14.316288 -14.316288 -14.316288 -0.000002
 -1.386294 -1.386294 -1.386294 -1.386294
 -1.386294 -1.386294 -1.386294 -1.386294
 -1.386294 -1.386294 -1.386294 -1.386294
 -0.000001 -15.507451 -15.507451 -15.507451
 -15.507450 -15.507450 -0.000001 -15.507450
 -1.386294 -1.386294 -1.386294 -1.386294
 -1.386294 -1.386294 -1.386294 -1.386294
 -1.386294 -1.386294 -1.386294 -1.386294
 -1.386294 -1.386294 -1.386294 -1.386294
 -1.386294 -1.386294 -1.386294 -1.386294
 -1.509618 -2.107454 -0.627229 -2.092416
 -1.386294 -1.386294 -1.386294 -1.386294
 -1.491655 -1.742968 -1.529395 -0.958852
 -1.550596 -1.145134 -2.580203 -0.931560
 -1.239064 -1.738055 -1.575536 -1.116004
 -2.125244 -2.007463 -0.770708 -1.260254
 -1.424613 -1.306830 -1.523053 -1.306830
 -1.446919 -1.069626 -2.679052 -1.041455
 -1.402824 -1.712977 -1.277661 -1.220503
 -1.893541 -1.236763 -1.148210 -1.419084
 -1.406945 0.000100 0.000100 0.000100
 -1.470371 0.000100 0.000100 0.000100
 -1.385923 0.000100 0.000100 0.000100
 -1.290343 0.000100 0.000100 0.000100
 -1.246335 -1.785708 -1.194909 -1.418680
 -1.297398 -1.204242 -2.375512 -1.096997
 -1.436571 -1.640372 -1.141107 -1.390762
 -1.739791 -1.477427 -1.311511 -1.118388
 -1.206804 -1.859541 -1.201663 -1.408907
 -1.182651 -1.298723 -2.616640 -1.056683
 -1.385550 -1.385550 -1.179214 -1.649701
 -1.715443 -1.315970 -1.342768 -1.235188
 -1.278306 -1.626394 -1.247295 -1.437280
 -1.281716 -1.348699 -2.891153 -0.898084
 -1.391714 -1.549495 -1.128395 -1.535054
 -1.767067 -1.391865 -1.301137 -1.176574
 -1.219948 -1.752657 -1.142507 -1.549174
 -1.144207 -1.294970 -2.735989 -1.070644
 -1.264597 -1.470529 -1.205281 -1.670062
 -1.705704 -1.282848 -1.292086 -1.322712
 -1.264071 -1.735070 -1.194414 -1.434523
 -1.414554 -1.079447 -2.698038 -1.050265
 -1.244774 -1.708959 -1.180567 -1.496846
 -1.568321 -1.477196 -1.358696 -1.183083
 -1.208343 -1.717548 -1.184303 -1.533204
 -1.288562 -1.291499 -2.654535 -0.969842
 -1.412643 -1.566255 -1.132269 -1.489993
 -1.375684 -1.541779 -1.294627 -1.349641
 -1.187899 -1.561971 -1.356196 -1.479385
 -1.220881 -1.170166 -2.648478 -1.127149
 -1.342105 -1.542455 -1.160744 -1.553075
 -1.663621 -1.606666 -1.166070 -1.209307
 -1.184007 -1.588310 -1.387006 -1.427710
 -1.213977 -1.313917 -2.622249 -1.017267
 -1.373488 -1.432057 -1.281996 -1.467601
 -1.708632 -1.524366 -1.224622 -1.180066
 -1.184250 -1.764069 -1.259988 -1.431204
 -1.297142 -1.025768 -2.695270 -1.201832
 -1.419520 -1.568616 -1.133529 -1.478668
 -1.639390 -1.593177 -1.280016 -1.125192
 -1.158592 -1.779310 -1.172777 -1.571125
 -1.189927 -1.327980 -2.485707 -1.057054
 -1.459928 -1.587308 -1.062245 -1.525131
 -1.623044 -1.623044 -1.351762 -1.059522
 -1.080198 -1.746345 -1.316587 -1.523201
 -1.195356 -1.237658 -2.661692 -1.086157
 -1.342260 -1.650875 -1.171302 -1.440116
 -1.664535 -1.428883 -1.439994 -1.095969
 -1.089023 -1.929527 -1.255520 -1.455386
 -1.053430 -1.345136 -2.627360 -1.144172
 -1.277852 -1.626644 -1.223938 -1.466608
 -1.645216 -1.638367 -1.250114 -1.120061
 -1.249193 -1.828850 -1.084409 -1.539145
 -1.193923 -1.216040 -2.742735 -1.090126
 -1.357351 -1.648041 -1.142046 -1.465050
 -1.685195 -1.582365 -1.133345 -1.247756
 -1.246945 -1.763710 -1.277875 -1.337192
 -1.224493 -1.153875 -2.858622 -1.098612
 -1.463417 -1.393065 -1.294795 -1.401250
 -1.553027 -1.573298 -1.302828 -1.173537
 -1.293921 -1.649832 -1.199584 -1.459275
 -1.189126 -1.070174 -2.785491 -1.234895
 -1.323578 -1.602183 -1.156056 -1.524924
 -1.377209 -1.683145 -1.293001 -1.246589
 -1.281751 -1.647571 -1.281751 -1.376816
 -1.212726 -1.218235 -2.833212 -1.055440
 -1.304949 -1.481604 -1.212743 -1.588850
 -1.577577 -1.556886 -1.278634 -1.189687
 -1.129561 -1.746722 -1.268118 -1.509051
 -1.053420 -1.321148 -2.927550 -1.105938
 -1.322155 -1.580336 -1.195760 -1.491389
 -1.690042 -1.425434 -1.309209 -1.187278
 -1.116850 -1.764035 -1.243104 -1.547161
 -1.190064 -1.095257 -2.970833 -1.170912
 -1.244750 -1.538034 -1.284642 -1.512155
 -1.703031 -1.619801 -1.198262 -1.145034
 -1.083129 -1.934443 -1.175438 -1.568887
 -1.141712 -1.256907 -2.597738 -1.133970
 -1.327656 -1.653533 -1.161740 -1.467122
 -1.692881 -1.712149 -1.185879 -1.108492
 -1.007904 -1.905007 -1.324284 -1.513210
 -1.042557 -1.548035 -2.319744 -1.089205
 -1.191243 -1.756843 -1.172330 -1.542138
 -1.496232 -1.702695 -1.270035 -1.161508
 -0.893082 -1.399018 -1.067786 -16.625515
 -0.867501 -0.747215 -2.241341 -16.066803
 -1.097116 -1.265190 -0.957160 -16.407776
 -1.170846 -1.076558 -1.052314 -16.479261
 -1.422474 -1.762743 -1.111898 -1.353341
 -1.302959 -1.028693 -2.878850 -1.156453
 -1.572181 -1.370991 -1.114756 -1.557996
 -1.386294 -1.386294 -1.386294 -1.386294
 -16.375834 -16.375834 -16.375834 -0.000000
 -16.442350 -16.442350 -16.442350 -0.000000
 -16.378922 -16.378922 -16.378922 -0.000000
 -16.459557 -16.459557 -16.459557 -0.000000
 -1.386294 -1.386294 -1.386294 -1.386294
 -1.386294 -1.386294 -1.386294 -1.386294
 -1.386294 -1.386294 -1.386294 -1.386294
 0.000000 -17.801155 -17.801155 -17.801155
 -17.801155 -17.801155 0.000000 -17.801155
 -1.386294 -1.386294 -1.386294 -1.386294
 -1.386294 -1.386294 -1.386294 -1.386294
 -1.386294 -1.386294 -1.386294 -1.386294
 -1.386294 -1.386294 -1.386294 -1.386294
 -1.386294 -1.386294 -1.386294 -1.386294
 -1.222476 -1.477673 -1.293047 -1.595049
 -1.386294 -1.386294 -1.386294 -1.386294
 -1.135892 -1.904508 -1.052982 -1.708857
 -1.379801 -1.172971 -2.864646 -0.962539
 -1.224724 -1.561196 -1.236311 -1.580741
 -1.519303 -1.770019 -1.106888 -1.272181
 -1.114840 -1.754243 -1.335940 -1.443571
 -1.017463 -1.426667 -2.313435 -1.205773
 -1.139788 -1.685126 -1.206098 -1.633069
 -1.532667 -1.781563 -0.981317 -1.423584
