 -1.373501 0.000100 0.000100 0.000100
 -1.307904 0.000100 0.000100 0.000100
 -1.924677 0.000100 0.000100 0.000100
 -1.107233 0.000100 0.000100 0.000100
 -1.133100 -1.592629 -1.774949 -1.187167
 -1.578184 -1.098614 -3.044495 -0.885041
 -1.580448 -1.223777 -1.223777 -1.580448
 -1.571216 -1.704746 -1.571216 -0.909820
 -1.368276 -1.522426 -1.810105 -1.011603
 -1.403994 -1.403994 -2.944413 -0.784958
 -2.054114 -1.466336 -1.717647 -0.773195
 -2.008820 -1.362197 -1.462280 -0.972734
 -1.219242 -1.481604 -1.838274 -1.145134
 -1.828123 -1.252764 -4.025259 -0.624158
 -1.239692 -1.440361 -1.845821 -1.152682
 -1.609437 -1.375823 -1.663504 -1.027518
 -1.312187 -1.386294 -1.553347 -1.312187
 -1.304949 -1.187167 -4.077444 -0.899486
 -1.163153 -2.772551 -1.519824 -0.900791
 -1.727219 -1.555370 -1.408767 -1.003304
 -1.828123 -1.029622 -2.233583 -0.980832
 -1.118032 -1.178656 -3.951151 -1.060874
 -1.005525 -1.228667 -2.327262 -1.410987
 -1.791757 -1.435084 -1.722765 -0.875471
 -1.368276 -1.704745 -2.621021 -0.711500
 -1.654557 -1.223776 -2.833194 -0.785523
 -1.312187 -1.648654 -1.466336 -1.178658
 -2.233586 -1.486377 -1.865865 -0.669619
 -0.988614 -1.681755 -2.151752 -1.122145
 -1.909537 -1.591087 -3.988891 -0.462628
 -2.602654 -0.897947 -1.686394 -1.098616
 -2.745427 -1.290151 -1.600305 -0.779327
 -1.098615 -1.417066 -12.706861 -0.857455
 -1.696447 -0.958853 -2.484893 -1.049824
 -1.704744 -1.299284 -2.397874 -0.788463
 -2.107876 -1.414732 -1.537334 -0.866168
 -1.516346 -1.767657 -3.713482 -0.535524
 -1.887066 -1.245217 -3.496464 -0.634310
 -2.047681 -1.236764 -2.740803 -0.661405
 -2.251286 -1.186582 -1.663504 -0.916292
 -1.887062 -1.417066 -2.397874 -0.663301
 -1.760985 -1.856294 -2.549431 -0.521300
 -1.526054 -1.343735 -3.135412 -0.737607
 -2.781467 -1.469291 -1.636344 -0.666947
 -2.233573 -1.386294 -12.542560 -0.441842
 -2.302573 -0.867504 -2.813385 -0.867504
 -2.740803 -1.642224 -2.047681 -0.489556
 -2.740831 -1.562184 -1.684786 -0.615591
 -1.504075 -1.504075 -2.890294 -0.693158
 -2.302575 -1.098614 -3.401154 -0.628612
 -2.708014 -1.203975 -2.708014 -0.567992
 -2.748863 -1.570217 -1.832580 -0.565636
 -2.302555 -1.609433 -2.995652 -0.430795
 -2.131620 -0.899486 -2.978899 -0.858664
 -3.218792 -1.427116 -2.120246 -0.510835
 -2.913891 -1.425825 -1.969438 -0.569355
 -2.140040 -1.734591 -12.043577 -0.348322
 -2.382617 -1.466336 -13.384734 -0.390201
 -3.218792 -1.272967 -1.609434 -0.733977
 -2.533690 -1.339774 -2.003066 -0.646629
 -2.944360 -1.152684 -2.944360 -0.546556
 -2.450992 -1.287855 -4.060350 -0.476928
 -2.397863 -1.992415 -12.301401 -0.257841
 -2.700607 -1.432104 -2.125248 -0.554036
 -1.734591 -1.446918 -2.140040 -0.753783
 -3.349861 -0.952011 -2.944412 -0.641858
 -1.791748 -1.280936 -2.197197 -0.810940
 -2.463848 -1.187560 -1.770705 -0.821627
 -1.609433 -1.386294 -2.995652 -0.693157
 -2.694613 -0.693150 -13.514411 -0.838331
 -2.335355 -1.488076 -1.824542 -0.661405
 -2.736210 -1.185624 -2.197220 -0.656781
 -1.558141 -0.865006 -12.154800 -0.998536
 -2.008820 -1.039425 -3.713527 -0.717842
 -2.197197 -2.197197 -2.197197 -0.405479
 -2.251287 -1.152680 -2.433607 -0.710848
 -1.287856 -1.421385 -12.577650 -0.728245
 -1.832578 -0.950194 -4.317393 -0.820983
 -1.540440 -1.540440 -2.638986 -0.693161
 -2.665482 -1.218572 -2.105871 -0.667396
 -2.335355 -0.869043 -3.433900 -0.794936
 -2.498689 -0.735114 -3.191819 -0.923166
 -2.772514 -0.980838 -2.772514 -0.693160
 -2.530156 -1.360092 -3.341072 -0.464710
 -2.251263 -0.747224 -12.154800 -0.865006
 -1.853888 -0.781257 -4.418746 -0.984855
 -1.504072 -2.197169 -1.098623 -1.098623
 -2.858100 -1.248673 -2.606789 -0.541343
 -0.539006 -1.232146 -2.484873 -3.177970
 -1.160745 -0.835324 -4.418746 -1.423108
 -0.773204 -1.871783 -2.564880 -1.178661
 -1.116471 -1.682864 -1.230881 -1.636344
 -0.049396 -13.629186 -3.032526 -13.629186
 -0.078785 -13.400002 -2.580203 -13.400002
 -0.176938 -12.821269 -1.819152 -12.821269
 -0.088954 -13.060496 -2.463837 -13.060496
 -0.000001 -14.576319 -14.576319 -14.576319
 -1.386294 -1.386294 -1.386294 -1.386294
 -0.000016 -12.154800 -12.154800 -12.154800
 -1.386294 -1.386294 -1.386294 -1.386294
 -14.661381 -14.661381 -0.000001 -14.661381
 -1.386294 -1.386294 -1.386294 -1.386294
 -1.386294 -1.386294 -1.386294 -1.386294
 -1.386294 -1.386294 -1.386294 -1.386294
 -1.386294 -1.386294 -1.386294 -1.386294
 -1.386294 -1.386294 -1.386294 -1.386294
 -1.579837 -2.017050 -0.531059 -2.617821
 -1.386294 -1.386294 -1.386294 -1.386294
 -1.232145 -1.386294 -1.673974 -1.306252
 -1.236764 -1.488076 -2.335355 -0.949085
 -1.423473 -1.552685 -1.661883 -1.028162
 -12.043577 -2.140040 -2.140040 -0.268280
 -0.934312 -2.415901 -1.722764 -1.080915
 -1.272967 -1.203974 -3.218834 -0.967587
 -1.203974 -1.049825 -2.302570 -1.386294
 -2.068008 -1.421386 -0.969402 -1.374866
 -1.364399 0.000100 0.000100 0.000100
 -1.474060 0.000100 0.000100 0.000100
 -1.314788 0.000100 0.000100 0.000100
 -1.398608 0.000100 0.000100 0.000100
 -1.440375 -1.620191 -0.976600 -1.667540
 -1.233262 -1.137001 -2.263701 -1.259082
 -1.396638 -1.425384 -1.121142 -1.680671
 -1.772999 -1.479001 -1.070841 -1.348645
 -1.244612 -1.669048 -1.151949 -1.572619
 -1.225662 -1.191198 -2.270007 -1.206415
 -1.339396 -1.402851 -1.137825 -1.762671
 -1.757751 -1.467362 -1.104506 -1.325536
 -1.270388 -1.735830 -1.139241 -1.500755
 -1.251826 -1.177750 -2.358333 -1.166455
 -1.339713 -1.482283 -1.150798 -1.636931
 -1.816465 -1.439767 -1.160518 -1.247946
 -1.337243 -1.651072 -1.035749 -1.657437
 -1.298897 -1.149811 -2.309555 -1.167431
 -1.413835 -1.453588 -1.099190 -1.661151
 -1.833004 -1.332183 -1.172433 -1.322178
 -1.312780 -1.690194 -1.078321 -1.578525
 -1.199296 -1.157541 -2.283134 -1.264532
 -1.402736 -1.474212 -1.118732 -1.617349
 -1.837441 -1.471753 -1.060192 -1.328541
 -1.244295 -1.641607 -1.151377 -1.599555
 -1.225928 -1.227654 -2.357848 -1.142840
 -1.356936 -1.514058 -1.152880 -1.575955
 -1.833606 -1.473492 -1.178847 -1.192681
 -1.377603 -1.660170 -0.984392 -1.692577
 -1.273282 -1.150859 -2.363096 -1.172490
 -1.411045 -1.435690 -1.114217 -1.660792
 -1.770587 -1.408897 -1.172995 -1.287661
 -1.237221 -1.731597 -1.070646 -1.660616
 -1.251776 -1.188209 -2.290068 -1.177729
 -1.342092 -1.483058 -1.086868 -1.745900
 -1.922365 -1.380831 -1.132562 -1.272383
 -1.258254 -1.758596 -1.152331 -1.479883
 -1.276694 -1.222436 -2.259035 -1.132959
 -1.361174 -1.488735 -1.151292 -1.600704
 -1.788037 -1.519954 -1.113510 -1.253213
 -1.328400 -1.651901 -1.034488 -1.671282
 -1.201927 -1.184313 -2.298321 -1.227575
 -1.376715 -1.471218 -1.087688 -1.709515
 -1.961159 -1.372440 -1.087794 -1.313572
 -1.307963 -1.657845 -1.042007 -1.680211
 -1.221063 -1.131415 -2.275058 -1.273981
 -1.383344 -1.487956 -1.079692 -1.694303
 -1.798493 -1.514594 -1.069816 -1.303855
 -1.237968 -1.629093 -1.142040 -1.636026
 -1.303643 -1.169353 -2.276571 -1.154370
 -1.310715 -1.520843 -1.123677 -1.677915
 -1.799246 -1.468426 -1.220717 -1.173540
 -1.382075 -1.678457 -1.005248 -1.627973
 -1.294229 -1.165017 -2.306296 -1.157267
 -1.420053 -1.492731 -1.059618 -1.676901
 -1.852599 -1.477319 -1.077965 -1.292313
 -1.310665 -1.716130 -1.017871 -1.664763
 -1.216925 -1.213466 -2.222157 -1.209589
 -1.383899 -1.465816 -1.058245 -1.763484
 -1.916520 -1.431868 -1.142475 -1.220810
 -1.250433 -1.750020 -1.088200 -1.594419
 -1.166415 -1.272324 -2.258049 -1.191437
 -1.315850 -1.499750 -1.122483 -1.697739
 -1.767293 -1.581077 -1.061388 -1.282018
 -1.345430 -1.683878 -0.966177 -1.752242
 -1.185836 -1.180446 -2.327243 -1.238553
 -1.322703 -1.526446 -1.075094 -1.742892
 -1.825924 -1.541803 -1.025050 -1.323666
 -1.308908 -1.719592 -1.030549 -1.640232
 -1.116340 -1.225774 -2.333956 -1.265557
 -1.388409 -1.580292 -0.992126 -1.749703
 -1.750433 -1.598539 -1.034673 -1.313910
 -1.230092 -1.726790 -1.081532 -1.656507
 -1.238819 -1.258689 -2.363192 -1.102233
 -1.178051 -1.594042 -1.165370 -1.730412
 -1.811010 -1.456737 -1.160531 -1.237198
 -1.335932 -1.693965 -0.981246 -1.723425
 -1.229811 -1.143857 -2.364791 -1.220456
 -1.423080 -1.487279 -1.036194 -1.724624
 -1.829422 -1.423957 -1.099499 -1.325402
 -1.302806 -1.747866 -0.971089 -1.740593
 -1.202829 -1.137655 -2.250656 -1.295516
 -1.314758 -1.505713 -1.092604 -1.747210
 -1.780092 -1.453381 -1.096187 -1.333869
 -1.280600 -1.704271 -1.007521 -1.742390
 -1.202050 -1.173026 -2.286676 -1.243442
 -1.323011 -1.456318 -1.105851 -1.774043
 -1.755302 -1.528786 -1.107412 -1.273204
 -1.239089 -2.075432 -0.880539 -1.770248
 -1.012702 -1.402608 -2.304528 -1.234421
 -1.315706 -2.016021 -0.933796 -1.582445
 -1.645589 -1.753460 -0.899229 -1.482612
 -0.816984 -18.336756 -0.582970 -18.336756
 -0.337384 -17.820295 -1.250487 -17.820295
 -0.899062 -18.512531 -0.522479 -18.512531
 -1.200503 -18.104324 -0.358166 -18.104324
 0.000000 -18.801306 -18.801306 -18.801306
 -1.386294 -1.386294 -1.386294 -1.386294
 0.000000 -19.024942 -19.024942 -19.024942
 -1.386294 -1.386294 -1.386294 -1.386294
 -19.612511 -19.612511 0.000000 -19.612511
 -1.386294 -1.386294 -1.386294 -1.386294
 -1.386294 -1.386294 -1.386294 -1.386294
 -1.386294 -1.386294 -1.386294 -1.386294
 -1.386294 -1.386294 -1.386294 -1.386294
 -1.386294 -1.386294 -1.386294 -1.386294
 -1.298302 -1.524369 -1.150591 -1.646117
 -1.386294 -1.386294 -1.386294 -1.386294
 -1.142847 -1.578767 -1.269080 -1.641079
 -1.275898 -1.120749 -2.256395 -1.237677
 -1.273267 -1.391008 -1.289511 -1.630383
 -1.578270 -1.574461 -1.106360 -1.363405
 -1.238193 -1.713138 -1.073534 -1.671341
 -1.201917 -1.166019 -2.280606 -1.253319
 -1.274023 -1.450380 -1.169183 -1.741861
 -1.869934 -1.399605 -0.987485 -1.484306
