 -1.678553 0.000100 0.000100 0.000100
 -0.990004 0.000100 0.000100 0.000100
 -1.464626 0.000100 0.000100 0.000100
 -1.557716 0.000100 0.000100 0.000100
 -2.052287 -0.930149 -1.433251 -1.433251
 -1.428654 -0.902561 -2.546680 -1.285553
 -1.294357 -1.191703 -1.471287 -1.647177
 -2.039593 -0.900163 -1.285824 -1.676689
 -1.688080 -1.090245 -1.223776 -1.688080
 -1.451434 -1.045969 -3.004775 -1.008229
 -1.909540 -0.920932 -1.546636 -1.424035
 -2.014900 -1.144075 -1.191703 -1.408767
 -2.043070 -0.968560 -1.280934 -1.546636
 -1.762771 -1.000633 -2.920218 -0.899280
 -1.522426 -1.011602 -1.609437 -1.522426
 -2.143155 -1.027154 -1.195776 -1.504077
 -1.477266 -0.884204 -1.749198 -1.688574
 -1.677096 -0.866167 -2.968074 -1.075517
 -1.317302 -1.107582 -1.627455 -1.583004
 -2.278771 -1.068937 -1.141696 -1.448426
 -2.197220 -1.098613 -1.463255 -1.126784
 -1.510857 -0.971861 -3.004775 -1.045969
 -1.292769 -1.223776 -1.734599 -1.366876
 -2.458926 -0.896747 -1.173733 -1.622682
 -1.916920 -0.599623 -1.791758 -1.985912
 -1.595386 -1.012781 -2.412144 -1.066127
 -1.247825 -1.118614 -1.619387 -1.670680
 -2.564944 -0.971016 -1.019026 -1.695911
 -2.040217 -0.713352 -1.771955 -1.560647
 -1.800492 -0.972172 -2.219201 -1.056053
 -1.543298 -1.394878 -1.429969 -1.206826
 -2.435069 -1.091340 -1.113319 -1.393620
 -2.079437 -0.893820 -1.386294 -1.532897
 -1.796509 -0.808564 -2.643803 -1.147166
 -1.566878 -0.938271 -1.700408 -1.526056
 -2.302582 -1.165507 -1.058262 -1.422226
 -1.757856 -1.000174 -1.421386 -1.521469
 -2.293849 -0.844379 -2.944432 -0.875469
 -1.766440 -0.977985 -1.626679 -1.360977
 -2.944429 -0.819189 -1.239691 -1.527373
 -2.397885 -0.693150 -1.791756 -1.417066
 -2.306741 -0.784317 -2.712204 -0.973938
 -2.040217 -0.820982 -1.609437 -1.469676
 -2.778248 -0.956643 -1.115707 -1.487270
 -2.379534 -0.555001 -2.890346 -1.280935
 -2.363207 -0.762141 -2.708046 -0.987387
 -2.456728 -1.016375 -1.475906 -1.127601
 -3.189876 -1.008665 -1.243979 -1.184555
 -2.014895 -0.510831 -2.708026 -1.609436
 -2.430416 -0.785263 -2.525725 -0.978167
 -2.453150 -0.869040 -1.699385 -1.165305
 -3.668659 -0.859275 -1.235064 -1.346289
 -2.327262 -0.823204 -1.921806 -1.148625
 -2.239948 -0.835956 -2.576418 -0.957034
 -2.377479 -0.963794 -1.741496 -1.048352
 -2.570424 -1.004794 -1.402824 -1.166435
 -2.621021 -0.916293 -2.621021 -0.788461
 -2.372787 -0.763352 -3.517909 -0.889121
 -3.091022 -0.788459 -1.586964 -1.219241
 -3.243558 -0.940984 -1.451809 -1.088904
 -3.637496 -0.593069 -3.637496 -0.929540
 -2.484904 -0.856601 -3.226835 -0.793231
 -2.957491 -0.847300 -2.041215 -0.942610
 -3.433975 -0.764778 -1.853536 -1.062410
 -3.496420 -0.552075 -12.706860 -0.931563
 -2.272506 -0.724158 -2.795751 -1.046556
 -2.397882 -1.062896 -1.609436 -1.011603
 -3.845865 -0.676198 -1.504077 -1.394878
 -1.845820 -0.998532 -12.847937 -0.747219
 -2.557929 -0.976146 -2.940919 -0.707333
 -2.983134 -1.111353 -1.536234 -0.903714
 -3.600030 -0.852778 -1.425296 -1.184135
 -2.224609 -0.432871 -12.821269 -1.413693
 -1.805182 -1.072295 -1.982112 -1.034074
 -2.538962 -0.929538 -1.765782 -1.034898
 -3.308097 -0.890212 -1.242652 -1.330944
 -2.415901 -0.414438 -13.235699 -1.386294
 -2.613520 -0.792778 -2.738682 -0.892861
 -2.665482 -0.719582 -2.105871 -1.134015
 -3.252575 -0.676710 -1.940399 -1.173146
 -12.821269 -0.000008 -12.821269 -12.821269
 -14.880222 -0.000001 -14.880222 -14.880222
 -13.217681 -0.000005 -13.217681 -13.217681
 -14.518610 -0.000002 -14.518610 -14.518610
 -1.386294 -1.386294 -1.386294 -1.386294
 -15.580242 -0.000001 -15.580242 -15.580242
 -1.386294 -1.386294 -1.386294 -1.386294
 -1.386294 -1.386294 -1.386294 -1.386294
 -1.386294 -1.386294 -1.386294 -1.386294
 -1.326476 -0.918863 -2.052412 -1.574110
 -1.386294 -1.386294 -1.386294 -1.386294
 -1.386294 -1.386294 -1.386294 -1.386294
 -14.253768 -0.000002 -14.253768 -14.253768
 -14.661381 -0.000001 -14.661381 -14.661381
 -13.527834 -0.000004 -13.527834 -13.527834
 -14.006134 -0.000002 -14.006134 -14.006134
 -1.386294 -1.386294 -1.386294 -1.386294
 -0.000001 -15.580242 -15.580242 -15.580242
 -1.386294 -1.386294 -1.386294 -1.386294
 -1.386294 -1.386294 -1.386294 -1.386294
 -15.580242 -15.580242 -0.000001 -15.580242
 -1.386294 -1.386294 -1.386294 -1.386294
 -1.386294 -1.386294 -1.386294 -1.386294
 -1.386294 -1.386294 -1.386294 -1.386294
 -1.386294 -1.386294 -1.386294 -1.386294
 -1.386294 -1.386294 -1.386294 -1.386294
 -15.580242 -15.580242 -0.000001 -15.580242
 -1.386294 -1.386294 -1.386294 -1.386294
 -1.386294 -1.386294 -1.386294 -1.386294
 -1.386294 -1.386294 -1.386294 -1.386294
 -1.393167 -1.449920 -1.457246 -1.257913
 -1.386294 -1.386294 -1.386294 -1.386294
 -1.575536 -1.575536 -0.987751 -1.542746
 -1.624143 -1.007959 -2.086765 -1.158781
 -1.199083 -1.357307 -1.693778 -1.357307
 -1.816150 -1.374318 -0.742541 -2.221613
 -1.497836 0.000100 0.000100 0.000100
 -1.196251 0.000100 0.000100 0.000100
 -1.214162 0.000100 0.000100 0.000100
 -1.731029 0.000100 0.000100 0.000100
 -1.832580 -1.496109 -0.717441 -2.055722
 -1.492312 -0.986765 -1.994403 -1.323236
 -1.976492 -1.423108 -0.835323 -1.678000
 -2.515670 -1.227825 -1.039773 -1.299283
 -1.780584 -1.544197 -0.877720 -1.598264
 -1.225027 -1.049823 -2.510219 -1.290984
 -1.725912 -0.845555 -1.263290 -2.207748
 -2.214170 -1.223776 -0.867102 -1.734600
 -1.746907 -1.472472 -0.884687 -1.695614
 -1.646577 -1.009001 -2.424278 -1.037988
 -1.778855 -1.186805 -1.105128 -1.635754
 -2.698470 -1.118031 -0.930820 -1.553348
 -1.492904 -1.353142 -1.087440 -1.716046
 -1.386294 -1.110041 -1.803187 -1.363822
 -1.602965 -1.399366 -0.926080 -1.858897
 -2.169050 -1.507655 -0.678964 -1.850598
 -1.713796 -1.451433 -0.817711 -1.936939
 -1.714797 -0.851753 -2.612734 -1.139435
 -1.445611 -1.468084 -0.948209 -1.920067
 -1.964776 -1.207094 -1.089311 -1.494775
 -1.728388 -1.376992 -0.888641 -1.839613
 -1.350788 -1.068937 -2.067463 -1.305326
 -1.639290 -1.498212 -1.165507 -1.307157
 -1.863216 -1.421386 -0.946929 -1.534714
 -1.782947 -1.261652 -0.877242 -2.019335
 -1.321756 -0.985284 -2.120261 -1.427116
 -1.597242 -1.380178 -0.919364 -1.915695
 -2.405437 -0.864999 -1.040202 -1.999975
 -1.599868 -1.348554 -1.033474 -1.699950
 -1.665007 -1.159913 -2.175831 -0.957677
 -1.565231 -1.284330 -1.115707 -1.679641
 -2.453150 -1.098613 -0.977253 -1.588160
 -1.670680 -1.437066 -0.877452 -1.842530
 -1.417066 -0.931559 -2.466883 -1.277304
 -1.406362 -1.146079 -1.328400 -1.759182
 -2.390873 -1.105680 -0.985536 -1.588531
 -1.858132 -1.555853 -0.684017 -2.052287
 -1.364788 -1.040549 -1.882730 -1.430746
 -1.671741 -1.290375 -0.960896 -1.868450
 -2.459582 -1.296438 -0.736824 -1.817733
 -1.190986 -1.791758 -1.128466 -1.580450
 -1.367832 -0.954271 -2.373350 -1.320204
 -1.346289 -1.471452 -1.217672 -1.540445
 -2.525720 -1.021652 -1.049823 -1.560647
 -1.091008 -1.579360 -1.211636 -1.830673
 -1.707877 -0.980830 -2.436112 -1.032123
 -1.483024 -1.422399 -1.036738 -1.729883
 -1.586090 -1.347680 -1.106518 -1.586090
 -1.579360 -1.091008 -1.091008 -2.102605
 -1.453434 -0.802847 -2.203736 -1.571216
 -1.609437 -1.064711 -1.084914 -2.143517
 -2.220751 -0.947791 -1.075624 -1.815288
 -1.331235 -1.331235 -1.052522 -2.098486
 -1.672412 -0.991845 -2.270247 -1.084627
 -1.571216 -0.993902 -1.348073 -1.818075
 -1.969437 -1.122144 -0.957841 -1.889395
 -1.499623 -1.221992 -1.134981 -1.828125
 -1.543923 -0.900787 -2.367120 -1.250162
 -1.515506 -1.169230 -1.245216 -1.704747
 -2.327273 -0.734648 -1.444888 -1.676689
 -1.581786 -1.453953 -0.822683 -2.107876
 -1.362874 -0.874522 -2.173802 -1.545195
 -1.617736 -1.617736 -0.770440 -1.962575
 -2.222538 -1.232144 -0.980830 -1.491655
 -1.508512 -1.431551 -1.013817 -1.731654
 -1.433922 -1.340832 -2.374902 -0.899000
 -1.458615 -1.276294 -0.973108 -2.203053
 -2.060020 -1.489478 -0.911402 -1.406097
 -1.601069 -1.643628 -0.808833 -1.834683
 -1.050822 -1.466337 -1.918320 -1.299283
 -1.356081 -1.510231 -0.982877 -1.915695
 -2.125248 -1.853316 -0.678334 -1.530544
 -1.938361 -1.386294 -0.788459 -1.887068
 -1.549333 -1.038509 -1.682864 -1.395183
 -1.079100 -1.484564 -1.218862 -1.981000
 -2.224619 -1.071945 -1.154183 -1.451433
 -14.030625 -0.000002 -14.030625 -14.030625
 -14.266589 -0.000002 -14.266589 -14.266589
 -14.380827 -0.000002 -14.380827 -14.380827
 -13.835317 -0.000003 -13.835317 -13.835317
 -1.386294 -1.386294 -1.386294 -1.386294
 -15.536490 -0.000001 -15.536490 -15.536490
 -1.386294 -1.386294 -1.386294 -1.386294
 -1.386294 -1.386294 -1.386294 -1.386294
 -1.386294 -1.386294 -1.386294 -1.386294
 -1.598761 -0.927987 -2.454947 -1.150000
 -1.386294 -1.386294 -1.386294 -1.386294
 -1.386294 -1.386294 -1.386294 -1.386294
 -13.937732 -0.000003 -13.937732 -13.937732
 -14.608505 -0.000001 -14.608505 -14.608505
 -13.081550 -0.000006 -13.081550 -13.081550
 -14.386493 -0.000002 -14.386493 -14.386493
 -1.386294 -1.386294 -1.386294 -1.386294
 -0.000001 -15.536490 -15.536490 -15.536490
 -1.386294 -1.386294 -1.386294 -1.386294
 -1.386294 -1.386294 -1.386294 -1.386294
 -15.536490 -15.536490 -0.000001 -15.536490
 -1.386294 -1.386294 -1.386294 -1.386294
 -1.386294 -1.386294 -1.386294 -1.386294
 -1.386294 -1.386294 -1.386294 -1.386294
 -1.386294 -1.386294 -1.386294 -1.386294
 -1.386294 -1.386294 -1.386294 -1.386294
 -15.536490 -15.536490 -0.000001 -15.536490
 -1.386294 -1.386294 -1.386294 -1.386294
 -1.386294 -1.386294 -1.386294 -1.386294
 -1.386294 -1.386294 -1.386294 -1.386294
 -1.497836 -1.238553 -1.214162 -1.662710
 -1.386294 -1.386294 -1.386294 -1.386294
 -1.139435 -1.164753 -1.394326 -2.120260
 -1.504077 -1.027154 -2.197222 -1.175574
 -1.199965 -1.141696 -1.710789 -1.615480
 -1.830224 -1.618916 -0.751418 -1.773066
