 -1.733263 0.000100 0.000100 0.000100
 -1.028817 0.000100 0.000100 0.000100
 -1.667305 0.000100 0.000100 0.000100
 -1.283346 0.000100 0.000100 0.000100
 -1.769284 -0.839753 -1.532897 -1.704746
 -1.518222 -1.087440 -2.783881 -0.962277
 -1.652922 -0.987948 -1.452252 -1.598855
 -1.982812 -1.077107 -1.371906 -1.316336
 -1.677645 -1.014353 -1.419817 -1.566420
 -1.555370 -0.836249 -2.553895 -1.280934
 -1.575535 -1.170072 -1.207812 -1.693318
 -1.897118 -0.990400 -1.475906 -1.386294
 -1.978342 -0.879735 -1.598855 -1.407800
 -1.485824 -0.956565 -2.762111 -1.119890
 -1.710080 -1.077560 -1.710080 -1.211091
 -2.708041 -0.916292 -1.261132 -1.386294
 -1.621859 -0.993253 -1.686397 -1.398717
 -1.407348 -1.067841 -2.859593 -1.037988
 -1.516347 -1.187844 -1.410987 -1.462280
 -2.190253 -1.134204 -1.050822 -1.528857
 -1.802120 -1.019364 -1.396657 -1.483668
 -1.507076 -0.959112 -3.038542 -1.057552
 -1.306252 -1.232144 -1.386294 -1.673975
 -2.288192 -0.919922 -1.238375 -1.559957
 -1.967647 -0.771401 -1.588160 -1.642226
 -1.677645 -0.913548 -2.806104 -1.045124
 -1.473305 -0.953432 -1.791757 -1.519825
 -2.359275 -1.180626 -1.015547 -1.442989
 -1.829497 -0.960464 -1.621859 -1.349927
 -1.961657 -0.803149 -2.859593 -1.037988
 -1.631416 -0.910872 -1.956836 -1.343735
 -2.117757 -1.061709 -1.226788 -1.424613
 -2.106835 -0.902870 -1.359626 -1.531476
 -2.040219 -0.809682 -2.465100 -1.078810
 -1.536234 -1.150573 -1.661396 -1.278406
 -2.337672 -0.916292 -1.609437 -1.192545
 -1.887066 -0.970781 -1.417066 -1.481604
 -2.050169 -0.877452 -3.005675 -0.901549
 -2.079437 -1.123931 -1.386294 -1.203974
 -2.612734 -1.098613 -1.297063 -1.139435
 -1.478101 -0.952011 -2.433600 -1.209839
 -1.888150 -0.889623 -2.822453 -0.971861
 -2.268677 -0.910562 -1.330414 -1.470176
 -2.490837 -1.002765 -1.345709 -1.238079
 -1.856294 -0.693150 -3.060244 -1.214445
 -2.014901 -0.996334 -3.886682 -0.740401
 -1.933930 -1.086637 -1.853888 -1.017645
 -3.440401 -0.759398 -1.494508 -1.288656
 -1.890845 -0.925772 -2.178523 -1.079922
 -2.187513 -0.790411 -3.531236 -0.904170
 -2.397882 -0.829282 -1.704745 -1.234746
 -3.023122 -1.093222 -1.459156 -0.957677
 -1.727217 -0.973452 -2.420352 -1.034076
 -2.302582 -0.733970 -2.995724 -0.994253
 -2.228469 -1.038895 -1.776489 -0.996335
 -2.751529 -1.002336 -1.681093 -0.959777
 -2.058380 -0.959779 -3.850056 -0.759109
 -2.231965 -0.979205 -2.614955 -0.812151
 -3.401154 -1.261132 -1.791756 -0.660361
 -3.616291 -0.843721 -1.488077 -1.148210
 -1.763583 -0.916295 -3.555259 -0.916295
 -2.212970 -0.980830 -2.859593 -0.780159
 -4.219414 -1.084015 -1.329136 -0.961413
 -3.703750 -0.943759 -1.484564 -1.022747
 -2.110200 -0.723925 -12.706860 -0.931563
 -2.240707 -0.879734 -3.626986 -0.793792
 -3.232093 -0.963439 -2.028143 -0.804375
 -3.916987 -0.792446 -1.519115 -1.176171
 -1.488076 -0.794936 -12.644341 -1.131405
 -2.274931 -0.770857 -3.756520 -0.888640
 -3.384347 -0.819444 -2.285768 -0.858664
 -3.658402 -0.885832 -1.417711 -1.140724
 -1.974072 -0.492483 -12.793870 -1.386294
 -2.056865 -0.725634 -3.443149 -1.032363
 -3.367253 -0.969403 -1.757855 -0.882392
 -3.274434 -0.709497 -1.582769 -1.328536
 -2.128221 -0.693152 -12.948019 -0.965084
 -2.265919 -0.680777 -3.538874 -1.018889
 -2.061416 -0.749240 -1.704745 -1.522425
 -3.283400 -0.553387 -2.184799 -1.290984
 -12.971550 -0.000007 -12.971550 -12.971550
 -14.774862 -0.000001 -14.774862 -14.774862
 -12.765699 -0.000009 -12.765699 -12.765699
 -14.279247 -0.000002 -14.279247 -14.279247
 -1.386294 -1.386294 -1.386294 -1.386294
 -1.879866 -15.420941 -2.776610 -0.241893
 -1.386294 -1.386294 -1.386294 -1.386294
 -1.386294 -1.386294 -1.386294 -1.386294
 -1.152681 -0.747217 -2.721281 -1.932834
 -1.386294 -1.386294 -1.386294 -1.386294
 -1.488076 -1.488076 -0.661405 -3.433900
 -2.162044 -1.189584 -0.742961 -2.255134
 -13.541079 -0.000004 -13.541079 -13.541079
 -14.297939 -0.000002 -14.297939 -14.297939
 -14.543061 -0.000002 -14.543061 -14.543061
 -13.180640 -0.000006 -13.180640 -13.180640
 -1.386294 -1.386294 -1.386294 -1.386294
 -0.000001 -15.420941 -15.420941 -15.420941
 -1.386294 -1.386294 -1.386294 -1.386294
 -1.386294 -1.386294 -1.386294 -1.386294
 -15.420941 -15.420941 -0.000001 -15.420941
 -1.386294 -1.386294 -1.386294 -1.386294
 -1.386294 -1.386294 -1.386294 -1.386294
 -1.386294 -1.386294 -1.386294 -1.386294
 -1.386294 -1.386294 -1.386294 -1.386294
 -1.386294 -1.386294 -1.386294 -1.386294
 -15.420941 -15.420941 -0.000001 -15.420941
 -1.386294 -1.386294 -1.386294 -1.386294
 -1.386294 -1.386294 -1.386294 -1.386294
 -1.386294 -1.386294 -1.386294 -1.386294
 -1.615480 -1.492101 -1.350788 -1.148005
 -1.386294 -1.386294 -1.386294 -1.386294
 -1.417066 -1.459625 -1.193923 -1.504077
 -1.317302 -1.351203 -2.010446 -1.080914
 -1.333452 -1.304465 -1.563975 -1.363305
 -1.536234 -1.927099 -0.655877 -2.118153
 -1.308144 0.000100 0.000100 0.000100
 -1.438683 0.000100 0.000100 0.000100
 -1.332924 0.000100 0.000100 0.000100
 -1.475198 0.000100 0.000100 0.000100
 -1.685699 -1.466337 -0.819710 -1.942419
 -1.465010 -0.930334 -2.434407 -1.248787
 -1.411704 -1.536867 -1.036092 -1.679968
 -2.054949 -1.240443 -0.883768 -1.775365
 -1.339774 -1.540445 -1.029620 -1.791759
 -1.382910 -1.033015 -2.103455 -1.304949
 -1.629817 -1.095735 -1.139795 -1.898080
 -2.437501 -1.302525 -0.861969 -1.521213
 -1.327587 -1.844276 -0.927987 -1.707076
 -1.210204 -1.047164 -2.219202 -1.417843
 -1.363894 -1.456675 -1.098613 -1.726008
 -1.890849 -1.166932 -1.079921 -1.618916
 -1.912386 -1.432814 -0.921989 -1.532898
 -1.389809 -1.221673 -2.285191 -1.037369
 -1.592631 -1.356242 -1.071855 -1.626532
 -2.070137 -1.207093 -0.923325 -1.728389
 -1.619642 -1.312912 -1.020525 -1.756842
 -1.439974 -0.959002 -2.104133 -1.355417
 -1.657447 -1.491655 -0.956137 -1.609438
 -2.205128 -0.983458 -1.071427 -1.753144
 -1.252763 -1.722766 -0.987656 -1.812378
 -1.299283 -1.071705 -2.243743 -1.277304
 -1.566087 -1.244883 -1.191394 -1.612607
 -1.711716 -1.264405 -1.057791 -1.661706
 -1.500101 -1.555161 -0.940486 -1.741263
 -1.455287 -1.003303 -2.148433 -1.261131
 -1.739391 -1.441557 -0.996483 -1.520338
 -2.133507 -1.270463 -0.907558 -1.622683
 -1.644705 -1.437067 -0.926242 -1.752919
 -1.362684 -1.016734 -1.991292 -1.403507
 -1.603359 -1.398564 -0.988993 -1.715476
 -2.281529 -1.348712 -0.874619 -1.508342
 -1.310787 -1.489478 -1.143733 -1.680533
 -1.295910 -1.168571 -2.394520 -1.126012
 -1.264598 -1.538486 -1.184555 -1.624253
 -1.720933 -1.324052 -1.027787 -1.623294
 -1.730917 -1.541676 -0.806329 -1.817928
 -1.290646 -1.020001 -2.375833 -1.304252
 -1.552685 -1.438741 -1.048780 -1.605795
 -2.239069 -1.292476 -0.824340 -1.712978
 -1.543686 -1.566676 -0.909036 -1.744356
 -1.425376 -0.949952 -2.048563 -1.410987
 -1.760727 -1.333283 -1.127684 -1.424255
 -2.284233 -1.216396 -0.853491 -1.737692
 -1.341174 -1.422852 -1.038894 -1.940794
 -1.317732 -1.111600 -2.240063 -1.214784
 -1.317917 -1.377106 -1.168705 -1.776491
 -1.403994 -1.422012 -1.195239 -1.558144
 -1.732197 -1.434363 -0.771988 -2.097656
 -1.393312 -0.911060 -2.477935 -1.325258
 -1.580450 -1.446919 -0.896272 -1.892229
 -2.149073 -1.418188 -0.885384 -1.475346
 -1.724748 -1.437067 -0.877452 -1.781906
 -1.293724 -1.046484 -2.062856 -1.396379
 -1.744983 -1.020088 -1.208679 -1.794580
 -2.050169 -1.247825 -0.990780 -1.547067
 -1.543686 -1.543686 -1.051211 -1.499235
 -1.383349 -1.315141 -2.137119 -1.013816
 -1.619388 -1.382999 -0.986345 -1.724748
 -2.128230 -1.203973 -1.098613 -1.395864
 -1.581786 -1.755057 -0.693148 -2.107877
 -1.295640 -1.059252 -2.147391 -1.336462
 -1.609438 -1.268135 -0.977446 -1.949305
 -2.249473 -1.326312 -0.788458 -1.745569
 -1.571518 -1.420696 -1.143064 -1.461518
 -1.358895 -1.098613 -2.197223 -1.208613
 -1.650260 -1.226446 -0.985284 -1.956633
 -2.292000 -1.211091 -0.932378 -1.572880
 -1.405712 -1.487390 -0.968091 -1.903550
 -1.015616 -1.425515 -2.187654 -1.254367
 -1.538310 -1.682560 -0.787177 -1.936340
 -2.201657 -1.326191 -0.920726 -1.488709
 -1.738514 -1.201372 -1.001883 -1.856297
 -1.455287 -0.948040 -2.014902 -1.403101
 -1.369102 -1.489730 -1.050649 -1.768901
 -1.909541 -1.232144 -1.155771 -1.404987
 -14.608505 -0.000001 -14.608505 -14.608505
 -14.950134 -0.000001 -14.950134 -14.950134
 -14.962914 -0.000001 -14.962914 -14.962914
 -14.562201 -0.000002 -14.562201 -14.562201
 -1.386294 -1.386294 -1.386294 -1.386294
 -1.086400 -16.174477 -1.960189 -0.650588
 -1.386294 -1.386294 -1.386294 -1.386294
 -1.386294 -1.386294 -1.386294 -1.386294
 -2.006534 -1.272566 -0.827880 -1.907443
 -1.386294 -1.386294 -1.386294 -1.386294
 -2.231354 -0.909603 -1.033655 -2.008212
 -1.931521 -1.189584 -0.971214 -1.759671
 -14.180157 -0.000002 -14.180157 -14.180157
 -15.003355 -0.000001 -15.003355 -15.003355
 -15.245823 -0.000001 -15.245823 -15.245823
 -14.334307 -0.000002 -14.334307 -14.334307
 -1.386294 -1.386294 -1.386294 -1.386294
 -0.000000 -16.174477 -16.174477 -16.174477
 -1.386294 -1.386294 -1.386294 -1.386294
 -1.386294 -1.386294 -1.386294 -1.386294
 -16.174477 -16.174477 -0.000000 -16.174477
 -1.386294 -1.386294 -1.386294 -1.386294
 -1.386294 -1.386294 -1.386294 -1.386294
 -1.386294 -1.386294 -1.386294 -1.386294
 -1.386294 -1.386294 -1.386294 -1.386294
 -1.386294 -1.386294 -1.386294 -1.386294
 -16.174477 -16.174477 -0.000000 -16.174477
 -1.386294 -1.386294 -1.386294 -1.386294
 -1.386294 -1.386294 -1.386294 -1.386294
 -1.386294 -1.386294 -1.386294 -1.386294
 -1.403454 -1.322229 -1.253709 -1.598160
 -1.386294 -1.386294 -1.386294 -1.386294
 -1.284016 -1.754018 -0.906722 -1.923094
 -1.351448 -1.187560 -2.115545 -1.153271
 -1.135716 -1.256080 -1.536040 -1.721442
 -1.998679 -1.414732 -0.712017 -2.033770
