 -1.393620 0.000100 0.000100 0.000100
 -1.206409 0.000100 0.000100 0.000100
 -1.784485 0.000100 0.000100 0.000100
 -1.256420 0.000100 0.000100 0.000100
 -1.041457 -1.329137 -1.734596 -1.580448
 -0.717844 -1.315677 -2.104124 -2.104124
 -0.832916 -0.938276 -2.442314 -2.442314
 -2.277252 -1.265667 -0.773195 -1.871796
 -1.263693 -0.832913 -1.749196 -2.219192
 -1.123932 -0.798512 -1.897113 -2.590244
 -0.949085 -1.131405 -1.354546 -3.433900
 -1.203976 -2.302555 -0.798517 -1.897107
 -0.257835 -2.685553 -3.091002 -2.174741
 -0.198456 -2.525712 -13.122372 -2.302573
 -0.255942 -2.335354 -2.335354 -3.433900
 -1.386294 -1.791743 -1.386294 -1.098621
 -13.835317 -13.835317 -0.000003 -13.835317
 -11.695280 -11.695280 -0.000025 -11.695280
 -11.289832 -11.289832 -0.000038 -11.289832
 -11.918417 -11.918417 -0.000020 -11.918417
 -1.386294 -1.386294 -1.386294 -1.386294
 -1.386294 -1.386294 -1.386294 -1.386294
 -14.130324 -14.130324 -0.000002 -14.130324
 -1.386294 -1.386294 -1.386294 -1.386294
 -1.386294 -1.386294 -1.386294 -1.386294
 -1.386294 -1.386294 -1.386294 -1.386294
 -14.130324 -14.130324 -14.130324 -0.000002
 -1.386294 -1.386294 -1.386294 -1.386294
 -1.386294 -1.386294 -1.386294 -1.386294
 -1.386294 -1.386294 -1.386294 -1.386294
 -1.386294 -1.386294 -1.386294 -1.386294
 -14.130324 -0.266023 -14.130324 -1.454245
 -1.386294 -1.386294 -1.386294 -1.386294
 -0.000003 -13.864305 -13.864305 -13.864305
 -1.386294 -1.386294 -1.386294 -1.386294
 -0.000009 -12.676088 -12.676088 -12.676088
 -14.130324 -14.130324 -0.000002 -14.130324
 -1.386294 -1.386294 -1.386294 -1.386294
 -1.386294 -1.386294 -1.386294 -1.386294
 -1.386294 -1.386294 -1.386294 -1.386294
 -1.386294 -1.386294 -1.386294 -1.386294
 -1.386294 -1.386294 -1.386294 -1.386294
 -1.924247 -1.875457 -1.741926 -0.643316
 -1.386294 -1.386294 -1.386294 -1.386294
 -1.049828 -1.203976 -1.203976 -2.995652
 -0.405477 -1.658222 -1.945896 -12.254882
 -1.232146 -0.875475 -1.386294 -3.177970
 -1.098614 -1.443452 -1.185625 -2.079436
 -1.871797 -1.466336 -0.815753 -1.754016
 -1.819152 -1.213024 -3.610829 -0.666484
 -1.819152 -1.308334 -0.777709 -2.224609
 -1.704734 -2.397832 -1.011612 -1.011612
 -1.481603 -1.481603 -1.145136 -1.481603
 -2.140053 -0.530635 -2.140053 -1.734596
 -1.860747 -1.034076 -1.098614 -1.860747
 -2.197211 -1.280935 -1.280935 -1.098615
 -0.798517 -2.302555 -1.049828 -2.302555
 -1.734598 -1.041456 -2.545514 -0.936096
 -1.386294 -1.280935 -1.185626 -1.791754
 -2.708014 -1.098616 -1.203975 -1.203975
 -1.064715 -1.757852 -0.882395 -2.674112
 -1.123932 -0.798512 -2.995692 -1.742965
 -2.047681 -1.488076 -0.794936 -1.642224
 -2.224609 -1.413693 -0.971864 -1.308334
 -1.442675 0.000100 0.000100 0.000100
 -1.267042 0.000100 0.000100 0.000100
 -1.365714 0.000100 0.000100 0.000100
 -1.483497 0.000100 0.000100 0.000100
 -1.883873 -1.090645 -1.139435 -1.650259
 -1.507438 -1.175305 -2.806713 -0.893073
 -1.321756 -1.378914 -1.216396 -1.686398
 -2.148431 -1.742968 -0.937345 -1.149906
 -1.366876 -1.734599 -0.887305 -1.852382
 -1.178656 -1.407496 -1.784789 -1.273965
 -1.357307 -1.916921 -0.923672 -1.616817
 -2.224620 -2.001478 -0.443337 -2.163996
 -1.158205 -3.186336 -0.806808 -1.617736
 -0.682454 -2.923146 -2.230009 -1.098613
 -0.765469 -2.537421 -1.458615 -1.499437
 -1.714797 -3.911977 -0.776531 -1.078811
 -14.523548 -14.523548 -0.000002 -14.523548
 -12.577650 -12.577650 -0.000010 -12.577650
 -14.285517 -14.285517 -0.000002 -14.285517
 -14.130324 -14.130324 -0.000002 -14.130324
 -1.386294 -1.386294 -1.386294 -1.386294
 -1.386294 -1.386294 -1.386294 -1.386294
 -15.481330 -15.481330 -0.000001 -15.481330
 -1.386294 -1.386294 -1.386294 -1.386294
 -1.386294 -1.386294 -1.386294 -1.386294
 -1.386294 -1.386294 -1.386294 -1.386294
 -15.481330 -15.481330 -15.481330 -0.000001
 -1.386294 -1.386294 -1.386294 -1.386294
 -1.386294 -1.386294 -1.386294 -1.386294
 -1.386294 -1.386294 -1.386294 -1.386294
 -1.386294 -1.386294 -1.386294 -1.386294
 -15.481330 -0.254832 -15.481330 -1.491865
 -1.386294 -1.386294 -1.386294 -1.386294
 -0.000001 -15.226499 -15.226499 -15.226499
 -1.386294 -1.386294 -1.386294 -1.386294
 -0.000003 -13.989468 -13.989468 -13.989468
 -15.481330 -15.481330 -0.000001 -15.481330
 -1.386294 -1.386294 -1.386294 -1.386294
 -1.386294 -1.386294 -1.386294 -1.386294
 -1.386294 -1.386294 -1.386294 -1.386294
 -1.386294 -1.386294 -1.386294 -1.386294
 -1.386294 -1.386294 -1.386294 -1.386294
 -1.579640 -1.570508 -0.900351 -1.717111
 -1.386294 -1.386294 -1.386294 -1.386294
 -1.359143 -1.983295 -0.841202 -1.746907
 -1.062895 -1.234745 -2.135527 -1.404643
 -0.859779 -1.520490 -1.345286 -2.326113
 -1.720662 -1.558144 -1.057371 -1.335001
 -1.603707 -1.826850 -0.637268 -2.214613
 -1.239691 -1.517322 -2.790277 -0.844380
 -1.708108 -1.569959 -0.926410 -1.538210
 -2.219198 -1.430746 -0.995429 -1.263692
 -1.435084 -1.820745 -1.016375 -1.435084
 -1.405342 -1.166932 -2.360848 -1.052522
 -1.702147 -1.925289 -1.543923 -0.780159
 -1.891841 -1.617405 -0.775840 -1.658227
 -1.562917 -1.518466 -0.990400 -1.609437
 -1.499234 -1.267434 -1.995668 -1.023812
 -1.623136 -1.623136 -0.912896 -1.589235
 -2.268680 -1.725067 -1.247033 -0.841568
 -1.386294 -1.526056 -1.025282 -1.749198
 -1.192139 -1.351203 -2.233588 -1.107582
 -1.476678 -1.476678 -1.155771 -1.476678
 -1.874873 -1.086418 -1.404871 -1.332550
