 -1.419084 0.000100 0.000100 0.000100
 -1.244731 0.000100 0.000100 0.000100
 -1.529750 0.000100 0.000100 0.000100
 -1.372564 0.000100 0.000100 0.000100
 -1.339774 -1.540445 -1.142415 -1.585907
 -1.067114 -1.090644 -2.302583 -1.514127
 -1.304617 -0.959777 -1.304617 -2.597380
 -1.730065 -1.266493 -1.174120 -1.461802
 -1.085709 -1.331544 -1.299283 -2.075120
 -1.281695 -0.937426 -2.576418 -1.367461
 -1.021125 -1.192975 -1.480657 -2.216362
 -1.797912 -0.904096 -1.380178 -1.726453
 -0.588575 -3.457882 -1.625311 -1.530001
 -0.457834 -2.464701 -2.639054 -1.556445
 -0.522523 -2.662582 -1.928617 -1.650986
 -1.563225 -2.163996 -0.902869 -1.308333
 -15.341568 -15.341568 -0.000001 -15.341568
 -13.337481 -13.337481 -0.000005 -13.337481
 -14.260199 -14.260199 -0.000002 -14.260199
 -14.457367 -14.457367 -0.000002 -14.457367
 -1.386294 -1.386294 -1.386294 -1.386294
 -1.386294 -1.386294 -1.386294 -1.386294
 -15.976533 -15.976533 -0.000000 -15.976533
 -1.386294 -1.386294 -1.386294 -1.386294
 -1.386294 -1.386294 -1.386294 -1.386294
 -1.386294 -1.386294 -1.386294 -1.386294
 -15.976533 -15.976533 -15.976533 -0.000000
 -1.386294 -1.386294 -1.386294 -1.386294
 -1.386294 -1.386294 -1.386294 -1.386294
 -1.386294 -1.386294 -1.386294 -1.386294
 -1.386294 -1.386294 -1.386294 -1.386294
 -0.000000 -15.976533 -15.976533 -15.976533
 -0.000000 -15.976533 -15.976533 -15.976533
 -1.386294 -1.386294 -1.386294 -1.386294
 -1.386294 -1.386294 -1.386294 -1.386294
 -1.386294 -1.386294 -1.386294 -1.386294
 -15.976533 -15.976533 -0.000000 -15.976533
 -1.386294 -1.386294 -1.386294 -1.386294
 -1.386294 -1.386294 -1.386294 -1.386294
 -1.386294 -1.386294 -1.386294 -1.386294
 -1.386294 -1.386294 -1.386294 -1.386294
 -1.386294 -1.386294 -1.386294 -1.386294
 -1.332470 -1.722766 -1.310871 -1.244731
 -1.386294 -1.386294 -1.386294 -1.386294
 -1.157056 -2.066424 -0.956386 -1.744842
 -1.111600 -1.172225 -1.907929 -1.546917
 -1.265667 -1.192641 -1.178655 -2.236443
 -1.589635 -1.937941 -0.916291 -1.378326
 -1.353505 -1.455287 -1.190180 -1.588818
 -1.323116 -1.087802 -2.324561 -1.207603
 -1.518312 -1.411340 -1.112848 -1.567909
 -1.526056 -1.470486 -1.056053 -1.584896
 -1.312186 -1.782189 -1.020051 -1.599868
 -1.441354 -1.107581 -2.703591 -1.004927
 -1.403101 -1.568616 -0.980830 -1.767066
 -2.142618 -1.614552 -0.921407 -1.252763
 -1.538701 -1.641355 -1.062619 -1.402126
 -1.396447 -1.161133 -2.890365 -0.957534
 -1.458615 -1.290280 -1.134119 -1.768769
 -1.964174 -1.506342 -1.149668 -1.135483
 -1.460827 -1.643148 -0.993805 -1.587579
 -1.245937 -1.098613 -2.298027 -1.278198
 -1.700409 -1.449095 -0.884203 -1.774517
 -1.540445 -1.464937 -1.238164 -1.329136
 -1.176945 0.000100 0.000100 0.000100
 -1.487099 0.000100 0.000100 0.000100
 -1.549619 0.000100 0.000100 0.000100
 -1.372689 0.000100 0.000100 0.000100
 -1.321756 -1.609436 -1.408767 -1.241714
 -1.550595 -1.193925 -2.397874 -0.931563
 -1.236764 -2.047681 -0.869043 -1.824542
 -1.531475 -2.001471 -0.666484 -2.001471
 -1.185626 -1.504076 -1.018573 -2.197211
 -1.029624 -1.134983 -1.540443 -2.233573
 -1.882726 -0.938273 -1.189586 -1.882726
 -1.280935 -2.484885 -0.750311 -1.791754
 -1.335002 -3.637497 -1.239692 -0.865002
 -0.502098 -2.538951 -2.251277 -1.558143
 -1.203974 -1.966107 -0.916294 -1.832577
 -0.916298 -2.995652 -0.916298 -1.897107
 -13.235699 -13.235699 -0.000005 -13.235699
 -11.695280 -11.695280 -0.000025 -11.695280
 -12.971550 -12.971550 -0.000007 -12.971550
 -12.765699 -12.765699 -0.000009 -12.765699
 -1.386294 -1.386294 -1.386294 -1.386294
 -1.386294 -1.386294 -1.386294 -1.386294
 -14.193950 -14.193950 -0.000002 -14.193950
 -1.386294 -1.386294 -1.386294 -1.386294
 -1.386294 -1.386294 -1.386294 -1.386294
 -1.386294 -1.386294 -1.386294 -1.386294
 -14.193950 -14.193950 -14.193950 -0.000002
 -1.386294 -1.386294 -1.386294 -1.386294
 -1.386294 -1.386294 -1.386294 -1.386294
 -1.386294 -1.386294 -1.386294 -1.386294
 -1.386294 -1.386294 -1.386294 -1.386294
 -0.000002 -14.193950 -14.193950 -14.193950
 -0.000002 -14.193950 -14.193950 -14.193950
 -1.386294 -1.386294 -1.386294 -1.386294
 -1.386294 -1.386294 -1.386294 -1.386294
 -1.386294 -1.386294 -1.386294 -1.386294
 -14.193950 -14.193950 -0.000002 -14.193950
 -1.386294 -1.386294 -1.386294 -1.386294
 -1.386294 -1.386294 -1.386294 -1.386294
 -1.386294 -1.386294 -1.386294 -1.386294
 -1.386294 -1.386294 -1.386294 -1.386294
 -1.386294 -1.386294 -1.386294 -1.386294
 -1.270035 -2.039165 -0.940556 -1.616310
 -1.386294 -1.386294 -1.386294 -1.386294
 -1.228667 -1.767657 -0.940987 -1.921806
 -0.747224 -1.845814 -2.944360 -1.152684
 -0.865000 -1.740463 -1.478101 -1.740463
 -2.268664 -1.575534 -0.882395 -1.287856
 -1.568614 -1.673974 -1.673974 -0.875472
 -1.312187 -1.871793 -1.871793 -0.860208
 -1.658225 -1.791755 -0.793235 -1.658225
 -2.014891 -1.203975 -1.203975 -1.321757
 -1.170074 -1.980990 -0.882395 -1.980990
 -1.064715 -1.575534 -1.980990 -1.170074
 -1.148625 -1.634128 -1.315677 -1.516346
 -2.058380 -1.770702 -0.672098 -1.652920
 -1.558143 -1.239692 -1.335002 -1.440361
 -2.159466 -1.060876 -2.564915 -0.773197
 -1.159238 -1.041456 -1.446918 -2.322376
 -1.824542 -1.642224 -0.949085 -1.354546
 -1.163153 -1.673972 -0.826684 -2.772551
 -0.606141 -1.992422 -2.174741 -1.586963
 -1.185626 -1.637606 -1.018573 -1.974072
 -1.128468 -1.580448 -1.446918 -1.446918
