 -1.366686 0.000100 0.000100 0.000100
 -1.361843 0.000100 0.000100 0.000100
 -1.347455 0.000100 0.000100 0.000100
 -1.474206 0.000100 0.000100 0.000100
 -1.543686 -1.320543 -0.897060 -2.192379
 -1.128027 -1.042260 -2.241674 -1.526056
 -1.455287 -0.977660 -1.286665 -2.169051
 -1.723847 -1.213023 -1.045969 -1.754619
 -1.135556 -0.893243 -1.456028 -3.316768
 -0.943372 -0.700811 -2.390288 -3.776570
 -1.089917 -0.760894 -1.720149 -4.047404
 -2.112228 -0.516218 -1.323774 -4.127088
 -0.000001 -14.755519 -14.755519 -14.755519
 -0.000001 -15.176488 -15.176488 -15.176488
 -0.000002 -14.173188 -14.173188 -14.173188
 -0.000016 -12.154800 -12.154800 -12.154800
 -15.904903 -15.904903 -0.000000 -15.904903
 -1.386294 -1.386294 -1.386294 -1.386294
 -1.386294 -1.386294 -1.386294 -1.386294
 -1.386294 -1.386294 -1.386294 -1.386294
 -1.386294 -1.386294 -1.386294 -1.386294
 -1.386294 -1.386294 -1.386294 -1.386294
 -15.904903 -15.904903 -0.000000 -15.904903
 -1.386294 -1.386294 -1.386294 -1.386294
 -1.386294 -1.386294 -1.386294 -1.386294
 -1.386294 -1.386294 -1.386294 -1.386294
 -15.904903 -15.904903 -15.904903 -0.000000
 -1.386294 -1.386294 -1.386294 -1.386294
 -1.386294 -1.386294 -1.386294 -1.386294
 -1.386294 -1.386294 -1.386294 -1.386294
 -1.386294 -1.386294 -1.386294 -1.386294
 -0.778360 -3.228823 -0.901549 -2.350756
 -15.126544 -2.066053 -0.617885 -1.095921
 -12.676089 -2.079429 -1.386294 -0.470011
 -15.003355 -1.880990 -0.422376 -1.649879
 -13.554151 -2.552034 -0.582608 -1.011603
 -1.386294 -1.386294 -1.386294 -1.386294
 -13.883173 -13.883173 -0.000003 -13.883173
 -15.354527 -15.354527 -0.000001 -15.354527
 -14.669928 -14.669928 -0.000001 -14.669928
 -1.386294 -1.386294 -1.386294 -1.386294
 -1.386294 -1.386294 -1.386294 -1.386294
 -1.745802 -1.535507 -1.468815 -0.967714
 -1.386294 -1.386294 -1.386294 -1.386294
 -1.422399 -1.337842 -1.036738 -1.953025
 -1.445483 -1.015921 -1.900957 -1.374866
 -1.588160 -1.375599 -0.895014 -2.006869
 -1.775603 -1.942657 -0.639252 -1.835027
 -1.640209 -1.550597 -1.062895 -1.392373
 -1.588711 -0.948209 -2.613211 -1.093391
 -1.760408 -1.185045 -1.185045 -1.529885
 -2.847802 -1.430746 -1.015232 -1.077107
 -1.632252 -1.424613 -0.998530 -1.632252
 -1.464937 -1.041454 -2.104973 -1.223776
 -1.824548 -1.372564 -0.913990 -1.691017
 -2.302583 -1.404643 -0.871840 -1.442384
 -1.708377 -1.836210 -0.832910 -1.493266
 -1.587459 -1.181994 -1.631910 -1.226446
 -1.911489 -1.421942 -0.753286 -1.965556
 -2.292000 -1.266150 -0.866995 -1.625523
 -1.484734 -1.760986 -0.920206 -1.593933
 -1.456675 -1.093770 -1.926677 -1.250339
 -1.728043 -1.262681 -1.016548 -1.728043
 -2.191357 -1.422226 -0.887304 -1.446919
 -1.646632 0.000100 0.000100 0.000100
 -1.262445 0.000100 0.000100 0.000100
 -1.262445 0.000100 0.000100 0.000100
 -1.421386 0.000100 0.000100 0.000100
 -1.485824 -1.813036 -0.672314 -2.302582
 -1.679968 -1.066864 -2.686769 -0.912713
 -1.824548 -1.553674 -0.810931 -1.699386
 -1.223776 -1.521027 -1.168206 -1.734600
 -1.518466 -0.904457 -1.236234 -2.456732
 -1.446919 -0.676481 -2.104973 -2.006533
 -1.575005 -1.114664 -1.013195 -2.283655
 -2.115807 -1.368595 -0.666715 -2.192768
 -0.000002 -14.478201 -14.478201 -14.478201
 -0.000001 -15.112975 -15.112975 -15.112975
 -0.000001 -14.975533 -14.975533 -14.975533
 -0.000003 -13.883173 -13.883173 -13.883173
 -16.103996 -16.103996 -0.000000 -16.103996
 -1.386294 -1.386294 -1.386294 -1.386294
 -1.386294 -1.386294 -1.386294 -1.386294
 -1.386294 -1.386294 -1.386294 -1.386294
 -1.386294 -1.386294 -1.386294 -1.386294
 -1.386294 -1.386294 -1.386294 -1.386294
 -16.103996 -16.103996 -0.000000 -16.103996
 -1.386294 -1.386294 -1.386294 -1.386294
 -1.386294 -1.386294 -1.386294 -1.386294
 -1.386294 -1.386294 -1.386294 -1.386294
 -16.103996 -16.103996 -16.103996 -0.000000
 -1.386294 -1.386294 -1.386294 -1.386294
 -1.386294 -1.386294 -1.386294 -1.386294
 -1.386294 -1.386294 -1.386294 -1.386294
 -1.386294 -1.386294 -1.386294 -1.386294
 -2.140066 -1.850231 -0.632165 -1.641383
 -13.963934 -2.114529 -0.563937 -1.170072
 -14.253768 -2.098984 -1.432507 -0.448307
 -15.471833 -2.329665 -0.564399 -1.096706
 -14.462616 -2.544219 -0.677563 -0.882826
 -1.386294 -1.386294 -1.386294 -1.386294
 -13.805464 -13.805464 -0.000003 -13.805464
 -15.420941 -15.420941 -0.000001 -15.420941
 -15.173921 -15.173921 -0.000001 -15.173921
 -1.386294 -1.386294 -1.386294 -1.386294
 -1.386294 -1.386294 -1.386294 -1.386294
 -1.352393 -1.565780 -1.035723 -1.728870
 -1.386294 -1.386294 -1.386294 -1.386294
 -1.757073 -2.107275 -0.628610 -1.757073
 -0.958429 -1.396051 -1.744356 -1.638996
 -1.475906 -1.623826 -0.945279 -1.683545
 -1.763588 -1.832580 -0.676151 -1.832580
 -1.443705 -1.762158 -0.835919 -1.840120
 -1.295566 -1.109849 -2.242944 -1.236142
 -1.653203 -1.230346 -1.078662 -1.735441
 -2.131625 -1.487270 -1.001763 -1.244324
 -1.295972 -1.747956 -0.946597 -1.806796
 -1.480820 -0.906535 -2.245425 -1.336571
 -1.067841 -1.760987 -1.104882 -1.876500
 -1.736189 -1.455287 -1.056649 -1.415282
 -1.609438 -1.776491 -1.312186 -1.017387
 -1.011601 -1.428495 -2.087739 -1.299283
 -1.554629 -1.305169 -1.116375 -1.659990
 -2.002479 -1.687399 -0.903869 -1.290984
 -1.454658 -1.220258 -1.190844 -1.787363
 -1.200891 -1.443453 -1.941290 -1.141172
 -1.502254 -1.721307 -0.817338 -1.851927
 -2.128974 -1.083852 -1.117375 -1.534268
