 -1.634789 0.000100 0.000100 0.000100
 -1.155538 0.000100 0.000100 0.000100
 -1.220356 0.000100 0.000100 0.000100
 -1.634789 0.000100 0.000100 0.000100
 -1.629916 -1.333651 -0.989880 -1.778335
 -1.186004 -1.132658 -2.257586 -1.317581
 -1.134980 -1.107581 -1.540445 -2.010447
 -2.163996 -1.596014 -0.822826 -1.413693
 -1.514603 -1.281982 -1.491073 -1.281982
 -1.116962 -1.266493 -2.302583 -1.234745
 -0.918886 -1.014196 -2.218165 -2.043813
 -1.824548 -1.111600 -1.259236 -1.488077
 -14.585621 -1.216396 -1.057791 -1.031474
 -14.674174 -1.320697 -1.551808 -0.651648
 -14.077878 -1.178656 -1.017388 -1.106335
 -14.386493 -1.115707 -1.017267 -1.168817
 -1.386294 -1.386294 -1.386294 -1.386294
 -14.626443 -14.626443 -0.000001 -14.626443
 -14.674174 -14.674174 -0.000001 -14.674174
 -14.907435 -14.907435 -0.000001 -14.907435
 -1.386294 -1.386294 -1.386294 -1.386294
 -1.386294 -1.386294 -1.386294 -1.386294
 -15.842342 -15.842342 -0.000000 -15.842342
 -1.386294 -1.386294 -1.386294 -1.386294
 -1.386294 -1.386294 -1.386294 -1.386294
 -1.386294 -1.386294 -1.386294 -1.386294
 -15.842342 -15.842342 -15.842342 -0.000000
 -1.386294 -1.386294 -1.386294 -1.386294
 -1.386294 -1.386294 -1.386294 -1.386294
 -1.386294 -1.386294 -1.386294 -1.386294
 -1.386294 -1.386294 -1.386294 -1.386294
 -15.842342 -15.842342 -0.000000 -15.842342
 -1.386294 -1.386294 -1.386294 -1.386294
 -1.386294 -1.386294 -1.386294 -1.386294
 -0.000000 -15.842342 -15.842342 -15.842342
 -1.386294 -1.386294 -1.386294 -1.386294
 -15.842342 -15.842342 -0.000000 -15.842342
 -1.386294 -1.386294 -1.386294 -1.386294
 -1.386294 -1.386294 -1.386294 -1.386294
 -1.386294 -1.386294 -1.386294 -1.386294
 -1.386294 -1.386294 -1.386294 -1.386294
 -1.386294 -1.386294 -1.386294 -1.386294
 -2.143365 -1.508038 -1.795720 -0.702413
 -1.386294 -1.386294 -1.386294 -1.386294
 -1.269761 -1.716046 -0.877720 -2.090736
 -1.153673 -1.252763 -1.828126 -1.435084
 -1.225364 -1.122711 -1.029620 -3.737639
 -1.695482 -1.724896 -0.636285 -2.216016
 -1.526056 -1.343735 -1.087802 -1.688574
 -1.650986 -0.830007 -2.662582 -1.196251
 -1.704748 -1.186805 -1.124930 -1.669656
 -2.155977 -1.057371 -1.088142 -1.609437
 -1.945908 -1.180443 -0.934310 -1.850598
 -1.737271 -0.785263 -2.154163 -1.378326
 -1.690289 -1.302525 -0.784582 -2.437501
 -2.528795 -1.332550 -0.874243 -1.430188
 -1.911716 -1.526056 -0.719582 -1.911716
 -1.760987 -0.881739 -1.831604 -1.370790
 -1.894413 -1.228666 -0.751742 -2.460806
 -2.390873 -1.588531 -0.693149 -1.588531
 -1.819157 -1.451433 -0.758288 -2.001477
 -1.514912 -0.935878 -2.012749 -1.369200
 -1.864784 -1.444282 -0.707333 -2.152465
 -2.580210 -1.481604 -0.708416 -1.586964
 -1.389809 0.000100 0.000100 0.000100
 -1.462834 0.000100 0.000100 0.000100
 -1.057370 0.000100 0.000100 0.000100
 -1.760668 0.000100 0.000100 0.000100
 -1.777771 -1.429466 -1.043806 -1.429466
 -1.299284 -1.417066 -1.992425 -1.054162
 -1.650680 -1.227825 -1.098613 -1.704747
 -2.282371 -1.694593 -0.947384 -1.119233
 -1.349927 -1.791756 -0.993254 -1.591087
 -1.127187 -1.554629 -1.960090 -1.127187
 -1.196252 -2.056448 -1.363305 -1.158511
 -2.358146 -2.358146 -0.333777 -2.358146
 -13.458841 -2.639043 -0.336476 -1.540444
 -12.948020 -1.945903 -1.172722 -0.602181
 -13.864305 -2.256060 -0.576425 -1.098613
 -13.429854 -2.610056 -0.435322 -1.275069
 -1.386294 -1.386294 -1.386294 -1.386294
 -12.506192 -12.506192 -0.000011 -12.506192
 -14.322330 -14.322330 -0.000002 -14.322330
 -13.732133 -13.732133 -0.000003 -13.732133
 -1.386294 -1.386294 -1.386294 -1.386294
 -1.386294 -1.386294 -1.386294 -1.386294
 -14.862831 -14.862831 -0.000001 -14.862831
 -1.386294 -1.386294 -1.386294 -1.386294
 -1.386294 -1.386294 -1.386294 -1.386294
 -1.386294 -1.386294 -1.386294 -1.386294
 -14.862831 -14.862831 -14.862831 -0.000001
 -1.386294 -1.386294 -1.386294 -1.386294
 -1.386294 -1.386294 -1.386294 -1.386294
 -1.386294 -1.386294 -1.386294 -1.386294
 -1.386294 -1.386294 -1.386294 -1.386294
 -14.862831 -14.862831 -0.000001 -14.862831
 -1.386294 -1.386294 -1.386294 -1.386294
 -1.386294 -1.386294 -1.386294 -1.386294
 -0.000001 -14.862831 -14.862831 -14.862831
 -1.386294 -1.386294 -1.386294 -1.386294
 -14.862831 -14.862831 -0.000001 -14.862831
 -1.386294 -1.386294 -1.386294 -1.386294
 -1.386294 -1.386294 -1.386294 -1.386294
 -1.386294 -1.386294 -1.386294 -1.386294
 -1.386294 -1.386294 -1.386294 -1.386294
 -1.386294 -1.386294 -1.386294 -1.386294
 -1.403994 -1.574951 -0.916291 -1.914819
 -1.386294 -1.386294 -1.386294 -1.386294
 -1.475906 -1.304057 -0.916293 -2.302577
 -1.133100 -1.133100 -1.998090 -1.512587
 -1.270463 -1.902983 -0.886052 -1.845825
 -1.945903 -1.791755 -0.602181 -1.945903
 -1.582408 -1.805550 -0.764101 -1.805550
 -1.419084 -0.991642 -2.047687 -1.354546
 -1.405342 -1.618916 -0.879251 -1.955386
 -1.992422 -1.481604 -0.893821 -1.481604
 -1.488076 -2.517683 -0.630630 -1.824546
 -1.356442 -1.054162 -2.580203 -1.145134
 -1.277095 -1.466337 -1.033474 -2.005330
 -2.178523 -1.262243 -0.925772 -1.572395
 -1.481604 -2.110207 -0.822362 -1.550596
 -1.208961 -1.806794 -1.639742 -1.069200
 -1.428854 -1.731133 -0.926764 -1.673975
 -1.828123 -1.460402 -0.889860 -1.627454
 -1.719784 -1.371479 -0.908858 -1.806794
 -1.326871 -1.119233 -3.891728 -0.947384
 -1.302525 -1.801514 -1.079382 -1.499234
 -1.791756 -1.992425 -0.693150 -1.624704
