 -1.239691 0.000100 0.000100 0.000100
 -1.291942 0.000100 0.000100 0.000100
 -1.533452 0.000100 0.000100 0.000100
 -1.514128 0.000100 0.000100 0.000100
 -1.084172 -1.505897 -1.427116 -1.609438
 -1.195073 -1.145680 -2.268681 -1.287854
 -1.103503 -1.297658 -1.472862 -1.796649
 -1.876597 -1.183452 -1.264797 -1.353350
 -0.923671 -1.616818 -1.431415 -1.799139
 -1.011601 -1.032655 -2.685573 -1.550597
 -0.850654 -1.150171 -1.737956 -2.520712
 -1.681758 -1.136532 -1.165946 -1.707076
 -0.992037 -1.465324 -1.252763 -2.185138
 -0.782760 -1.060079 -2.639054 -2.079440
 -0.766010 -0.971861 -2.001478 -3.834039
 -1.584120 -0.989414 -1.386294 -1.754018
 -0.760589 -1.847639 -15.118424 -0.980830
 -0.816762 -1.993537 -14.917452 -0.862924
 -0.727437 -1.655422 -14.392126 -1.121341
 -1.233532 -1.456675 -13.845074 -0.742911
 -15.252975 -15.252975 -0.000001 -15.252975
 -14.266589 -14.266589 -0.000002 -14.266589
 -1.386294 -1.386294 -1.386294 -1.386294
 -15.129235 -15.129235 -0.000001 -15.129235
 -1.386294 -1.386294 -1.386294 -1.386294
 -1.386294 -1.386294 -1.386294 -1.386294
 -16.066803 -16.066803 -16.066803 -0.000000
 -1.386294 -1.386294 -1.386294 -1.386294
 -1.386294 -1.386294 -1.386294 -1.386294
 -1.386294 -1.386294 -1.386294 -1.386294
 -1.386294 -1.386294 -1.386294 -1.386294
 -0.733969 -5.064686 -0.668198 -6.856362
 -0.000001 -15.332834 -15.332834 -15.332834
 -0.000050 -11.002167 -11.002167 -11.002167
 -0.000001 -15.398605 -15.398605 -15.398605
 -0.000300 -9.210740 -9.210740 -9.210740
 -16.066803 -16.066803 -0.000000 -16.066803
 -1.386294 -1.386294 -1.386294 -1.386294
 -1.386294 -1.386294 -1.386294 -1.386294
 -1.386294 -1.386294 -1.386294 -1.386294
 -1.386294 -1.386294 -1.386294 -1.386294
 -1.386294 -1.386294 -1.386294 -1.386294
 -2.666806 -2.538973 -2.666806 -0.245766
 -1.386294 -1.386294 -1.386294 -1.386294
 -0.970781 -1.356442 -1.245217 -2.580203
 -0.916293 -1.272966 -1.678429 -2.014898
 -1.193923 -1.193923 -1.098614 -2.803341
 -1.176974 -1.840011 -0.990295 -1.823204
 -1.746735 -1.426568 -1.399540 -1.082299
 -1.559566 -0.950977 -2.772582 -1.076140
 -1.407669 -1.471385 -1.407669 -1.269519
 -1.843430 -1.220902 -1.220902 -1.379126
 -1.501490 -1.237339 -1.501490 -1.330865
 -1.864079 -0.852480 -2.608517 -1.064324
 -1.673976 -1.194404 -1.020051 -1.903550
 -2.009760 -1.108975 -1.424828 -1.218976
 -1.343735 -1.584896 -1.274742 -1.367832
 -1.689480 -0.878551 -2.382626 -1.178655
 -1.721800 -1.695132 -0.659891 -2.113841
 -2.052567 -1.390193 -1.027288 -1.329569
 -1.433922 -1.458615 -1.140162 -1.563975
 -1.321756 -1.003303 -2.553896 -1.241713
 -1.642836 -1.350448 -0.903598 -1.949565
 -2.054122 -1.360977 -1.164862 -1.192641
 -1.421053 0.000100 0.000100 0.000100
 -1.355711 0.000100 0.000100 0.000100
 -1.390964 0.000100 0.000100 0.000100
 -1.378560 0.000100 0.000100 0.000100
 -1.422305 -1.333074 -1.234443 -1.588753
 -1.021819 -1.442036 -2.387407 -1.165563
 -1.357084 -1.667239 -1.046929 -1.595495
 -1.793301 -1.679642 -1.152423 -1.104795
 -1.274910 -2.113238 -0.938438 -1.568012
 -1.005404 -1.302842 -2.572078 -1.251875
 -1.374460 -1.658228 -1.112096 -1.479820
 -1.758447 -1.829273 -0.820178 -1.483668
 -1.288039 -1.508512 -1.030210 -1.924027
 -1.356942 -0.890043 -2.260911 -1.479904
 -1.599753 -1.014647 -1.139586 -2.157863
 -1.772151 -1.369927 -1.004203 -1.562693
 -0.712396 -2.095162 -15.568183 -0.950671
 -0.686878 -2.334536 -15.888683 -0.916291
 -0.787685 -2.000192 -15.864493 -0.892101
 -1.035243 -2.033771 -15.269464 -0.665496
 -16.290367 -16.290367 -0.000000 -16.290367
 -14.943683 -14.943683 -0.000001 -14.943683
 -1.386294 -1.386294 -1.386294 -1.386294
 -16.194130 -16.194130 -0.000000 -16.194130
 -1.386294 -1.386294 -1.386294 -1.386294
 -1.386294 -1.386294 -1.386294 -1.386294
 -17.064333 -17.064333 -17.064333 -0.000000
 -1.386294 -1.386294 -1.386294 -1.386294
 -1.386294 -1.386294 -1.386294 -1.386294
 -1.386294 -1.386294 -1.386294 -1.386294
 -1.386294 -1.386294 -1.386294 -1.386294
 -1.837836 -1.274742 -0.888913 -1.895568
 -0.000001 -15.226499 -15.226499 -15.226499
 -0.000001 -15.789593 -15.789593 -15.789593
 -0.000000 -16.175421 -16.175421 -16.175421
 -0.000001 -15.168766 -15.168766 -15.168766
 -17.064333 -17.064333 -0.000000 -17.064333
 -1.386294 -1.386294 -1.386294 -1.386294
 -1.386294 -1.386294 -1.386294 -1.386294
 -1.386294 -1.386294 -1.386294 -1.386294
 -1.386294 -1.386294 -1.386294 -1.386294
 -1.386294 -1.386294 -1.386294 -1.386294
 -1.369358 -1.298636 -1.276132 -1.641387
 -1.386294 -1.386294 -1.386294 -1.386294
 -1.186318 -1.454197 -1.191331 -1.849906
 -1.578623 -0.875184 -2.726714 -1.166285
 -1.144139 -1.608048 -1.193366 -1.725831
 -1.627638 -1.485218 -1.156361 -1.337409
 -1.328475 -1.635061 -1.121187 -1.540445
 -1.006281 -1.345871 -2.251291 -1.313610
 -1.193278 -1.502466 -1.311726 -1.585532
 -1.664270 -1.568960 -0.989473 -1.466911
 -1.438090 -1.231170 -1.279026 -1.648386
 -1.263289 -1.098612 -2.613214 -1.169102
 -1.131698 -1.525760 -1.328807 -1.633391
 -1.920971 -1.239385 -1.305475 -1.227824
 -1.472597 -1.753499 -0.917852 -1.618842
 -1.443128 -1.071363 -2.457656 -1.091730
 -1.349439 -1.681972 -1.012028 -1.654821
 -1.746403 -1.783791 -1.039589 -1.190728
 -1.350667 -1.651772 -1.162806 -1.441321
 -1.083028 -1.374152 -2.088205 -1.257136
 -1.085402 -1.598856 -1.247458 -1.755202
 -1.731135 -1.635061 -0.992806 -1.356967
