 -1.324052 0.000100 0.000100 0.000100
 -1.164988 0.000100 0.000100 0.000100
 -1.600305 0.000100 0.000100 0.000100
 -1.513294 0.000100 0.000100 0.000100
 -0.882395 -2.268664 -1.421385 -1.421385
 -1.041457 -1.329137 -1.916914 -1.446918
 -1.481603 -0.893825 -1.481603 -1.992415
 -1.568613 -0.980835 -2.079425 -1.232146
 -0.818315 -1.223777 -1.916914 -2.140053
 -1.321757 -1.003306 -2.302565 -1.321757
 -0.916298 -1.203976 -1.386294 -2.995652
 -1.427116 -1.021656 -1.272967 -2.120246
 -0.566401 -1.531475 -1.819152 -2.917731
 -0.587793 -1.185626 -2.890333 -2.484884
 -0.597848 -1.203976 -2.995652 -2.302555
 -11.982954 -0.575378 -0.980838 -2.772514
 -0.583952 -2.159475 -13.161592 -1.118032
 -0.693153 -1.446918 -12.736712 -1.329136
 -0.762152 -1.321758 -11.918417 -1.321758
 -1.386294 -1.386294 -11.289832 -0.693172
 -13.217681 -13.217681 -0.000005 -13.217681
 -12.206093 -12.206093 -0.000015 -12.206093
 -1.386294 -1.386294 -1.386294 -1.386294
 -12.736712 -12.736712 -0.000009 -12.736712
 -1.386294 -1.386294 -1.386294 -1.386294
 -1.386294 -1.386294 -1.386294 -1.386294
 -13.901692 -13.901692 -13.901692 -0.000003
 -1.386294 -1.386294 -1.386294 -1.386294
 -1.386294 -1.386294 -1.386294 -1.386294
 -1.386294 -1.386294 -1.386294 -1.386294
 -1.386294 -1.386294 -1.386294 -1.386294
 -0.260534 -13.901692 -1.472472 -13.901692
 -13.641162 -1.435084 -1.339775 -0.693150
 -1.386294 -1.386294 -1.386294 -1.386294
 -12.429233 -0.510835 -1.139438 -2.525695
 -1.386294 -1.386294 -1.386294 -1.386294
 -1.386294 -1.386294 -1.386294 -1.386294
 -12.765699 -12.765699 -0.000009 -12.765699
 -12.611551 -12.611551 -0.000010 -12.611551
 -12.994539 -12.994539 -0.000007 -12.994539
 -1.386294 -1.386294 -1.386294 -1.386294
 -1.386294 -1.386294 -1.386294 -1.386294
 -2.745427 -3.081894 -2.293447 -0.237003
 -1.386294 -1.386294 -1.386294 -1.386294
 -1.252770 -1.945867 -1.945867 -0.847322
 -10.819859 -1.609418 -0.510872 -1.609418
 -1.704734 -1.704734 -0.452007 -11.608273
 -1.053151 -2.151757 -0.716680 -3.068033
 -1.446918 -1.734596 -1.329137 -1.128468
 -2.638986 -0.693161 -11.849426 -0.847310
 -1.667704 -0.751420 -1.667704 -1.890845
 -11.289832 -0.980846 -1.386294 -0.980846
 -1.845814 -0.641865 -2.251263 -1.558141
 -1.148625 -0.823204 -3.713482 -1.516346
 -1.435084 -1.098617 -1.435084 -1.658222
 -2.233573 -1.540443 -1.029624 -1.134983
 -1.386294 -1.568613 -1.098616 -1.568613
 -1.410987 -0.940987 -2.614936 -1.228667
 -1.098618 -1.791748 -0.810940 -2.890294
 -2.564915 -1.178658 -1.312187 -1.060876
 -1.386294 -1.386294 -1.568613 -1.232146
 -1.673972 -1.067844 -2.772551 -0.900791
 -1.871793 -1.648654 -0.550055 -2.564915
 -3.295752 -1.909532 -0.897947 -0.897947
 -1.529577 0.000100 0.000100 0.000100
 -1.495655 0.000100 0.000100 0.000100
 -1.271693 0.000100 0.000100 0.000100
 -1.276851 0.000100 0.000100 0.000100
 -1.403389 -1.448737 -1.116323 -1.650840
 -1.167020 -1.195621 -2.331676 -1.241128
 -1.455020 -1.453018 -1.065038 -1.671174
 -2.086519 -1.587122 -0.827283 -1.451868
 -1.470264 -1.712124 -0.942197 -1.610026
 -1.375484 -1.128960 -2.133026 -1.186019
 -1.701594 -1.681022 -1.204254 -1.104103
 -1.831705 -1.438480 -1.056272 -1.367191
 -1.438160 -1.267588 -1.112139 -1.882092
 -1.266862 -0.930680 -1.937942 -1.714798
 -1.594919 -1.210699 -0.928014 -2.265793
 -2.016080 -1.438951 -0.766857 -1.800741
 -0.918493 -1.887321 -16.582458 -0.799836
 -1.042475 -2.024132 -16.944899 -0.662986
 -0.975496 -2.120773 -17.080507 -0.687054
 -1.317125 -1.843472 -16.241198 -0.555425
 -17.122763 -17.122763 -0.000000 -17.122763
 -16.153463 -16.153463 -0.000000 -16.153463
 -1.386294 -1.386294 -1.386294 -1.386294
 -17.468504 -17.468504 -0.000000 -17.468504
 -1.386294 -1.386294 -1.386294 -1.386294
 -1.386294 -1.386294 -1.386294 -1.386294
 -18.149660 -18.149660 -18.149660 -0.000000
 -1.386294 -1.386294 -1.386294 -1.386294
 -1.386294 -1.386294 -1.386294 -1.386294
 -1.386294 -1.386294 -1.386294 -1.386294
 -1.386294 -1.386294 -1.386294 -1.386294
 -2.018647 -1.628768 -0.829793 -1.448789
 -6.227475 -2.141547 -0.780787 -0.861548
 -7.310451 -1.834087 -1.817489 -0.389879
 -17.319866 -2.313468 -0.809053 -0.785695
 -6.797332 -2.308746 -0.865137 -0.737092
 -10.819859 -10.819859 -0.000060 -10.819859
 -15.973070 -15.973070 -0.000000 -15.973070
 -17.197186 -17.197186 -0.000000 -17.197186
 -17.456774 -17.456774 -0.000000 -17.456774
 -1.386294 -1.386294 -1.386294 -1.386294
 -1.386294 -1.386294 -1.386294 -1.386294
 -1.539921 -1.479404 -1.254995 -1.299196
 -1.386294 -1.386294 -1.386294 -1.386294
 -1.405437 -1.627957 -0.947349 -1.768186
 -1.286129 -1.079792 -2.151647 -1.317877
 -1.387215 -1.463734 -1.084454 -1.710514
 -1.913275 -1.592751 -0.783661 -1.648659
 -1.418584 -1.657362 -1.137486 -1.399670
 -1.186168 -1.187952 -2.334105 -1.228031
 -1.478041 -1.660710 -1.188621 -1.282760
 -1.873756 -1.647228 -1.083759 -1.153439
 -1.467082 -1.476814 -1.070534 -1.618412
 -1.266978 -1.250064 -2.134377 -1.159913
 -1.376937 -1.445930 -1.132838 -1.660705
 -1.982398 -1.526429 -0.904265 -1.426651
 -1.525938 -1.507044 -1.078670 -1.509721
 -1.391227 -1.139913 -2.193404 -1.139913
 -1.640799 -1.663172 -1.106793 -1.251692
 -1.910528 -1.503796 -1.016537 -1.317264
 -1.454265 -1.681596 -1.053454 -1.462657
 -1.172549 -1.220440 -2.132025 -1.284727
 -1.574472 -1.345180 -1.077844 -1.649937
 -1.851076 -1.607536 -0.883977 -1.472224
