 -1.287854 0.000100 0.000100 0.000100
 -1.227230 0.000100 0.000100 0.000100
 -1.379421 0.000100 0.000100 0.000100
 -1.718637 0.000100 0.000100 0.000100
 -1.163152 -1.386294 -1.437587 -1.609437
 -1.223776 -1.307157 -2.363202 -1.075357
 -1.199418 -0.958257 -1.582408 -2.211011
 -1.871797 -1.243195 -1.312187 -1.243195
 -1.386294 -1.014732 -1.984127 -1.386294
 -1.053151 -1.087053 -2.662576 -1.409825
 -0.847301 -1.134982 -2.233583 -1.945905
 -1.580449 -1.275069 -1.223776 -1.511457
 -13.687682 -1.432814 -0.980831 -0.950978
 -13.764221 -1.462834 -1.295781 -0.703731
 -12.971550 -1.053153 -1.196252 -1.053153
 -13.369229 -1.593932 -0.632526 -1.325670
 -1.386294 -1.386294 -1.386294 -1.386294
 -13.473026 -13.473026 -0.000004 -13.473026
 -13.873783 -13.873783 -0.000003 -13.873783
 -13.937732 -13.937732 -0.000003 -13.937732
 -1.386294 -1.386294 -1.386294 -1.386294
 -1.386294 -1.386294 -1.386294 -1.386294
 -14.880222 -14.880222 -0.000001 -14.880222
 -1.386294 -1.386294 -1.386294 -1.386294
 -1.386294 -1.386294 -1.386294 -1.386294
 -1.386294 -1.386294 -1.386294 -1.386294
 -14.880222 -14.880222 -14.880222 -0.000001
 -1.386294 -1.386294 -1.386294 -1.386294
 -1.386294 -1.386294 -1.386294 -1.386294
 -1.386294 -1.386294 -1.386294 -1.386294
 -1.386294 -1.386294 -1.386294 -1.386294
 -0.351762 -3.878106 -1.326076 -4.571237
 -14.528462 -1.821611 -0.911402 -0.829484
 -11.002167 -0.693181 -1.791726 -1.098629
 -13.554151 -1.208312 -0.606139 -1.858896
 -10.309086 -10.309086 -0.405548 -1.098646
 -1.386294 -1.386294 -1.386294 -1.386294
 -13.287885 -13.287885 -0.000005 -13.287885
 -14.054530 -14.054530 -0.000002 -14.054530
 -13.854735 -13.854735 -0.000003 -13.854735
 -1.386294 -1.386294 -1.386294 -1.386294
 -1.386294 -1.386294 -1.386294 -1.386294
 -2.268682 -2.086361 -1.757857 -0.510826
 -1.386294 -1.386294 -1.386294 -1.386294
 -1.003306 -3.401111 -0.628616 -2.708014
 -0.944466 -1.637606 -1.504076 -1.637606
 -1.139436 -1.514127 -1.139436 -1.966107
 -1.548137 -2.114530 -0.789608 -1.548137
 -1.466337 -1.265667 -1.312187 -1.523495
 -1.491654 -0.553391 -3.688789 -1.742965
 -1.688080 -0.994935 -1.223776 -1.888750
 -1.773064 -1.773064 -1.331235 -0.925772
 -1.352393 -1.575535 -1.421385 -1.227231
 -1.640527 -0.778307 -2.020015 -1.540444
 -1.697728 -1.171638 -0.895386 -2.316761
 -1.658226 -1.252764 -1.309922 -1.370546
 -1.512587 -1.998090 -0.858664 -1.512587
 -1.439216 -1.019364 -2.089800 -1.278875
 -2.498689 -1.032364 -0.735114 -2.498689
 -2.164956 -0.975382 -1.115143 -1.712976
 -1.694593 -1.326871 -1.058609 -1.589233
 -1.688574 -1.056054 -1.882728 -1.154494
 -2.123888 -1.477266 -0.715128 -1.813736
 -2.097134 -1.209839 -0.907560 -1.740463
 -1.591645 0.000100 0.000100 0.000100
 -1.384256 0.000100 0.000100 0.000100
 -1.163069 0.000100 0.000100 0.000100
 -1.455112 0.000100 0.000100 0.000100
 -1.577877 -1.467674 -0.986860 -1.658729
 -1.402715 -1.116690 -2.089261 -1.194248
 -1.812868 -1.229536 -1.065233 -1.610744
 -2.144446 -1.528857 -0.773190 -1.586965
 -1.418188 -2.111334 -0.767601 -1.756513
 -1.261840 -1.442036 -1.873309 -1.118385
 -1.578283 -1.596859 -0.991861 -1.512978
 -2.234196 -1.834398 -0.728239 -1.384481
 -6.249876 -2.561094 -0.503772 -1.150109
 -15.339392 -1.894943 -1.269238 -0.564530
 -15.976533 -2.422385 -0.514288 -1.160390
 -6.406781 -2.941142 -0.407944 -1.271082
 -9.903687 -9.903687 -0.000150 -9.903687
 -14.594837 -14.594837 -0.000001 -14.594837
 -16.428518 -16.428518 -0.000000 -16.428518
 -15.975380 -15.975380 -0.000000 -15.975380
 -1.386294 -1.386294 -1.386294 -1.386294
 -1.386294 -1.386294 -1.386294 -1.386294
 -17.014591 -17.014591 -0.000000 -17.014591
 -1.386294 -1.386294 -1.386294 -1.386294
 -1.386294 -1.386294 -1.386294 -1.386294
 -1.386294 -1.386294 -1.386294 -1.386294
 -17.014591 -17.014591 -17.014591 -0.000000
 -1.386294 -1.386294 -1.386294 -1.386294
 -1.386294 -1.386294 -1.386294 -1.386294
 -1.386294 -1.386294 -1.386294 -1.386294
 -1.386294 -1.386294 -1.386294 -1.386294
 -2.137825 -1.838104 -0.661424 -1.575740
 -14.876768 -2.055507 -0.610182 -1.112550
 -15.176488 -1.635413 -1.622341 -0.498087
 -16.353168 -2.105875 -0.541597 -1.215901
 -6.228412 -2.258218 -0.781774 -0.830349
 -9.210740 -9.210740 -0.000300 -9.210740
 -14.978662 -14.978662 -0.000001 -14.978662
 -16.302082 -16.302082 -0.000000 -16.302082
 -16.043373 -16.043373 -0.000000 -16.043373
 -1.386294 -1.386294 -1.386294 -1.386294
 -1.386294 -1.386294 -1.386294 -1.386294
 -1.537051 -1.636735 -0.906547 -1.679568
 -1.386294 -1.386294 -1.386294 -1.386294
 -1.488077 -1.789863 -0.978934 -1.463179
 -1.117661 -1.457986 -1.836783 -1.269677
 -1.555371 -1.650681 -0.881548 -1.699208
 -2.030338 -1.742656 -0.713038 -1.592084
 -1.503159 -1.494928 -0.985744 -1.713982
 -1.388429 -1.100747 -2.300454 -1.146657
 -1.426749 -1.569497 -1.003102 -1.687280
 -1.996210 -1.468856 -0.897599 -1.485385
 -1.694385 -1.465075 -0.907804 -1.704748
 -1.488077 -1.179929 -1.947609 -1.126153
 -1.479354 -1.614457 -0.918170 -1.748887
 -2.139131 -1.637876 -0.814207 -1.407069
 -1.538342 -1.685978 -0.900625 -1.641526
 -1.250998 -1.257190 -2.148938 -1.162444
 -1.624795 -1.450442 -0.925714 -1.758327
 -2.103057 -1.305285 -0.933494 -1.543442
 -1.523260 -1.599487 -0.926341 -1.692819
 -1.284942 -1.149906 -2.040220 -1.284942
 -1.654558 -1.616818 -0.777489 -1.892230
 -2.123383 -1.494775 -0.835530 -1.503143
