 -1.185256 0.000100 0.000100 0.000100
 -1.415044 0.000100 0.000100 0.000100
 -1.742391 0.000100 0.000100 0.000100
 -1.286211 0.000100 0.000100 0.000100
 -1.177828 -1.433761 -1.244519 -1.798403
 -0.992003 -1.176574 -2.302583 -1.510347
 -1.058948 -1.110241 -1.515705 -2.262917
 -1.515127 -1.190631 -1.278739 -1.620487
 -0.890146 -1.009947 -1.759183 -2.937833
 -0.955512 -0.721519 -2.660256 -2.822774
 -1.021652 -0.771710 -1.860751 -3.806644
 -1.427116 -0.847299 -1.501224 -2.220344
 -0.200983 -2.742238 -3.312780 -2.510437
 -0.105880 -3.661220 -3.494167 -3.114680
 -0.139422 -3.597290 -3.037685 -2.904155
 -0.747218 -2.251282 -1.478101 -1.645154
 -4.420035 -15.932971 -0.018216 -5.113173
 -1.992422 -12.994539 -0.173278 -3.784099
 -3.828550 -2.730004 -0.115076 -3.828550
 -13.415039 -13.415039 -0.077563 -2.595241
 -12.043577 -12.043577 -0.000018 -12.043577
 -10.309086 -10.309086 -0.000100 -10.309086
 -16.073099 -16.073099 -0.000000 -16.073099
 -11.695280 -11.695280 -0.000025 -11.695280
 -1.386294 -1.386294 -1.386294 -1.386294
 -1.386294 -1.386294 -1.386294 -1.386294
 -16.106024 -16.106024 -16.106024 -0.000000
 -1.386294 -1.386294 -1.386294 -1.386294
 -1.386294 -1.386294 -1.386294 -1.386294
 -1.386294 -1.386294 -1.386294 -1.386294
 -1.386294 -1.386294 -1.386294 -1.386294
 -0.235108 -4.256618 -1.742391 -3.899946
 -0.684225 -1.424133 -2.303866 -1.864784
 -1.252766 -1.540440 -1.945889 -1.029628
 -0.599416 -1.058948 -2.668379 -3.361518
 -1.203976 -1.386294 -1.203976 -1.897107
 -0.792071 -1.352794 -15.422947 -1.242793
 -1.150729 -0.960211 -14.755520 -1.201372
 -0.847300 -1.029621 -13.795312 -1.540444
 -1.267689 -0.973450 -14.115618 -1.076634
 -1.492517 -1.897981 -0.941145 -1.447565
 -1.415470 -1.151084 -2.162683 -1.121231
 -1.386294 -1.386294 -1.386294 -1.386294
 -1.750937 -1.812812 -0.971613 -1.256241
 -1.410048 -1.647720 -0.991845 -1.647720
 -0.923672 -1.446919 -2.273595 -1.329136
 -1.441864 -1.470852 -1.168571 -1.500705
 -1.457888 -1.684945 -1.162424 -1.312706
 -1.367741 -1.397594 -1.269761 -1.526805
 -1.466337 -0.773191 -2.447163 -1.508896
 -1.866420 -1.283816 -0.840130 -1.990034
 -1.675395 -1.698385 -1.142098 -1.169126
 -1.252763 -1.675619 -1.186072 -1.506543
 -1.547562 -1.026787 -2.383808 -1.088031
 -1.443453 -1.473306 -1.037988 -1.711716
 -2.112540 -1.419394 -1.381654 -0.951798
 -1.229452 -1.618916 -1.245713 -1.506438
 -1.258617 -1.118260 -2.147877 -1.300581
 -1.545924 -1.386294 -1.008532 -1.759498
 -2.090409 -1.312706 -1.354091 -1.052423
 -1.080675 -1.734600 -1.239280 -1.636962
 -1.345013 -1.031921 -2.620078 -1.170072
 -1.305945 -1.305945 -1.234994 -1.787783
 -1.877701 -1.292768 -1.321756 -1.184555
 -1.434438 0.000100 0.000100 0.000100
 -1.382836 0.000100 0.000100 0.000100
 -1.421713 0.000100 0.000100 0.000100
 -1.310873 0.000100 0.000100 0.000100
 -1.440297 -1.414614 -1.184836 -1.540252
 -1.331150 -1.078068 -2.317881 -1.213713
 -1.532963 -1.324993 -1.142731 -1.612675
 -1.880691 -1.410060 -1.124559 -1.278011
 -1.352449 -1.634941 -1.136067 -1.490098
 -1.234377 -1.232936 -2.312712 -1.143957
 -1.496187 -1.437749 -1.196561 -1.442552
 -1.852580 -1.489342 -1.114036 -1.239892
 -1.267637 -1.506640 -1.253058 -1.554853
 -1.209883 -1.132827 -2.256369 -1.291288
 -1.382911 -1.388616 -1.192212 -1.628706
 -1.786668 -1.387827 -1.121329 -1.358606
 -1.205802 -2.424255 -1.117085 -1.256067
 -1.096676 -2.188980 -2.451816 -0.759602
 -1.257493 -2.452323 -1.080351 -1.237653
 -1.667619 -2.558624 -0.947926 -1.060308
 -18.614767 -18.614767 0.000000 -18.614767
 -17.500633 -17.500633 -0.000000 -17.500633
 -18.626312 -18.626312 0.000000 -18.626312
 -18.838272 -18.838272 0.000000 -18.838272
 -1.386294 -1.386294 -1.386294 -1.386294
 -1.386294 -1.386294 -1.386294 -1.386294
 -19.892992 -19.892992 -19.892992 0.000000
 -1.386294 -1.386294 -1.386294 -1.386294
 -1.386294 -1.386294 -1.386294 -1.386294
 -1.386294 -1.386294 -1.386294 -1.386294
 -1.386294 -1.386294 -1.386294 -1.386294
 -1.802205 -1.448888 -1.012358 -1.440232
 -1.328209 -1.463467 -1.313101 -1.449739
 -1.450540 -0.936469 -2.780139 -1.166301
 -1.535240 -1.274816 -1.131339 -1.700936
 -1.896410 -1.206494 -1.512245 -1.107953
 -1.024389 -1.187244 -18.344555 -1.090873
 -1.227283 -1.014694 -18.697859 -1.065954
 -1.089115 -1.019923 -18.416170 -1.194475
 -1.574448 -0.959671 -18.531954 -0.891941
 -1.346577 -1.628595 -1.102899 -1.552310
 -1.299541 -1.168085 -2.418980 -1.116667
 -1.386294 -1.386294 -1.386294 -1.386294
 -1.890564 -1.406493 -1.121960 -1.278799
 -1.401507 -1.576449 -1.112283 -1.522072
 -1.230571 -1.156132 -2.307473 -1.225330
 -1.467626 -1.522238 -1.059167 -1.586892
 -1.810459 -1.477112 -1.149045 -1.233795
 -1.277725 -1.591251 -1.273462 -1.436335
 -1.212731 -1.217825 -2.419566 -1.146388
 -1.482855 -1.464790 -1.124879 -1.526969
 -1.831522 -1.471192 -1.214435 -1.160591
 -1.324976 -1.564957 -1.128910 -1.600934
 -1.212415 -1.170591 -2.339363 -1.217566
 -1.384278 -1.479112 -1.159524 -1.570122
 -1.799241 -1.454102 -1.120275 -1.291801
 -1.384309 -1.704890 -1.120812 -1.420075
 -1.270211 -1.183283 -2.310774 -1.159090
 -1.374347 -1.501548 -1.133645 -1.597745
 -1.712198 -1.480914 -1.154284 -1.284394
 -1.334621 -1.533688 -1.274039 -1.421698
 -1.289286 -1.156732 -2.417461 -1.136710
 -1.468058 -1.311511 -1.265963 -1.522126
 -1.846986 -1.395874 -1.195661 -1.230427
