 -1.391383 0.000100 0.000100 0.000100
 -1.308206 0.000100 0.000100 0.000100
 -1.516206 0.000100 0.000100 0.000100
 -1.341622 0.000100 0.000100 0.000100
 -1.471452 -1.386294 -1.134980 -1.614552
 -1.141785 -0.930476 -2.142414 -1.777772
 -1.241269 -1.127940 -1.346629 -2.062247
 -2.069778 -1.217003 -0.839241 -1.926677
 -1.198696 -0.965082 -1.309922 -3.044513
 -0.906341 -0.820981 -1.995099 -3.912005
 -1.126012 -1.008229 -1.228290 -4.016360
 -2.010971 -0.624681 -1.206601 -3.457871
 -0.000001 -14.719730 -14.719730 -14.719730
 -0.000001 -15.012460 -15.012460 -15.012460
 -0.000002 -14.446785 -14.446785 -14.446785
 -0.000014 -12.301401 -12.301401 -12.301401
 -15.879839 -15.879839 -0.000000 -15.879839
 -1.386294 -1.386294 -1.386294 -1.386294
 -1.386294 -1.386294 -1.386294 -1.386294
 -1.386294 -1.386294 -1.386294 -1.386294
 -1.386294 -1.386294 -1.386294 -1.386294
 -1.386294 -1.386294 -1.386294 -1.386294
 -15.879839 -15.879839 -0.000000 -15.879839
 -1.386294 -1.386294 -1.386294 -1.386294
 -1.386294 -1.386294 -1.386294 -1.386294
 -1.386294 -1.386294 -1.386294 -1.386294
 -15.879839 -15.879839 -15.879839 -0.000000
 -1.386294 -1.386294 -1.386294 -1.386294
 -1.386294 -1.386294 -1.386294 -1.386294
 -1.386294 -1.386294 -1.386294 -1.386294
 -1.386294 -1.386294 -1.386294 -1.386294
 -15.879839 -15.879839 -0.000000 -15.879839
 -1.386294 -1.386294 -1.386294 -1.386294
 -1.386294 -1.386294 -1.386294 -1.386294
 -0.000000 -15.879839 -15.879839 -15.879839
 -1.386294 -1.386294 -1.386294 -1.386294
 -15.879839 -15.879839 -0.000000 -15.879839
 -1.386294 -1.386294 -1.386294 -1.386294
 -1.386294 -1.386294 -1.386294 -1.386294
 -1.386294 -1.386294 -1.386294 -1.386294
 -1.386294 -1.386294 -1.386294 -1.386294
 -1.386294 -1.386294 -1.386294 -1.386294
 -1.771658 -1.471001 -1.197227 -1.209913
 -1.386294 -1.386294 -1.386294 -1.386294
 -1.639742 -1.496642 -0.908857 -1.719785
 -1.120960 -1.247254 -1.672136 -1.614977
 -1.808708 -1.041454 -0.972462 -2.253392
 -1.963077 -1.721915 -0.663796 -1.796023
 -1.837368 -1.272056 -0.793567 -2.223029
 -1.425515 -0.906722 -2.393096 -1.330205
 -1.640000 -1.343735 -0.973056 -1.788420
 -2.740831 -1.452986 -0.794931 -1.386294
 -1.904236 -1.770705 -0.714655 -1.652922
 -1.508342 -0.926987 -2.463850 -1.211091
 -1.843255 -1.337320 -0.838330 -1.919241
 -2.257846 -1.475090 -0.810931 -1.504077
 -1.823010 -1.535329 -0.724401 -1.977160
 -1.423336 -1.145133 -1.897119 -1.234745
 -1.983792 -1.435828 -0.750525 -1.881138
 -2.421844 -1.518981 -0.786094 -1.441019
 -1.617405 -1.578185 -0.810932 -1.891841
 -1.304321 -0.962572 -2.248780 -1.422104
 -1.678430 -1.272966 -0.907992 -2.040220
 -1.958254 -1.332550 -0.845256 -1.797912
 -1.308333 0.000100 0.000100 0.000100
 -1.713796 0.000100 0.000100 0.000100
 -1.183170 0.000100 0.000100 0.000100
 -1.413693 0.000100 0.000100 0.000100
 -1.321757 -1.791753 -0.836254 -2.014891
 -1.897107 -1.386294 -2.995652 -0.597848
 -0.887308 -2.427727 -0.961415 -2.140053
 -12.506192 -1.504076 -0.462633 -1.909532
 -1.021656 -2.525695 -0.579827 -12.429233
 -2.944360 -0.641865 -2.944360 -0.998536
 -1.076142 -1.481604 -1.076142 -2.397879
 -2.036866 -1.056058 -0.737607 -3.135412
 -0.000011 -12.542559 -12.542559 -12.542559
 -0.000010 -12.611551 -12.611551 -12.611551
 -0.000007 -12.923923 -12.923923 -12.923923
 -0.000025 -11.695280 -11.695280 -11.695280
 -13.919874 -13.919874 -0.000003 -13.919874
 -1.386294 -1.386294 -1.386294 -1.386294
 -1.386294 -1.386294 -1.386294 -1.386294
 -1.386294 -1.386294 -1.386294 -1.386294
 -1.386294 -1.386294 -1.386294 -1.386294
 -1.386294 -1.386294 -1.386294 -1.386294
 -13.919874 -13.919874 -0.000003 -13.919874
 -1.386294 -1.386294 -1.386294 -1.386294
 -1.386294 -1.386294 -1.386294 -1.386294
 -1.386294 -1.386294 -1.386294 -1.386294
 -13.919874 -13.919874 -13.919874 -0.000003
 -1.386294 -1.386294 -1.386294 -1.386294
 -1.386294 -1.386294 -1.386294 -1.386294
 -1.386294 -1.386294 -1.386294 -1.386294
 -1.386294 -1.386294 -1.386294 -1.386294
 -13.919874 -13.919874 -0.000003 -13.919874
 -1.386294 -1.386294 -1.386294 -1.386294
 -1.386294 -1.386294 -1.386294 -1.386294
 -0.000003 -13.919874 -13.919874 -13.919874
 -1.386294 -1.386294 -1.386294 -1.386294
 -13.919874 -13.919874 -0.000003 -13.919874
 -1.386294 -1.386294 -1.386294 -1.386294
 -1.386294 -1.386294 -1.386294 -1.386294
 -1.386294 -1.386294 -1.386294 -1.386294
 -1.386294 -1.386294 -1.386294 -1.386294
 -1.386294 -1.386294 -1.386294 -1.386294
 -1.275543 -1.531476 -0.925342 -2.224619
 -1.386294 -1.386294 -1.386294 -1.386294
 -2.047681 -1.036096 -1.236764 -1.488076
 -0.780166 -1.568613 -2.484873 -1.386294
 -1.481604 -1.838274 -1.076142 -1.299284
 -2.484840 -2.484840 -0.405486 -1.791743
 -1.178658 -1.648654 -1.060876 -1.871793
 -2.484873 -0.539006 -2.484873 -1.386294
 -1.580448 -1.734596 -0.887308 -1.580448
 -1.686394 -1.349927 -1.098616 -1.504076
 -1.481603 -3.090961 -0.693156 -1.481603
 -1.067844 -1.673972 -2.772551 -0.900791
 -0.961415 -1.580448 -1.446918 -1.734596
 -2.036866 -2.036866 -0.832916 -1.189587
 -1.673972 -2.079429 -1.163153 -0.980833
 -2.140040 -0.636001 -12.043577 -1.041461
 -1.488076 -2.047681 -0.794936 -1.642224
 -1.354546 -1.824542 -1.036096 -1.488076
 -0.737607 -2.036866 -1.189587 -2.442314
 -1.145136 -1.299284 -1.992415 -1.299284
 -1.157455 -1.945902 -0.916295 -1.945902
 -1.354546 -1.354546 -1.236764 -1.642224
